num_ops num_float_ops num_comp_ops deepest_loop_level num_threads num_lambda_iter t(5) t(50) t(500) t(5000)
../functions/dot_product.hpp 402005 200000 101002 2 402005 200000 101002 2 402005 200000 101002 2 402005 200000 101002 2 1 10000 6.5944 6.37566 6.37803 6.29052
../functions/dot_product.hpp 402005 200000 101002 2 402005 200000 101002 2 402005 200000 101002 2 402005 200000 101002 2 2 10000 3.40556 3.2253 3.18781 3.18418
../functions/dot_product.hpp 402005 200000 101002 2 402005 200000 101002 2 402005 200000 101002 2 402005 200000 101002 2 4 10000 1.92606 1.78285 1.75795 3.47103
../functions/dot_product.hpp 402005 200000 101002 2 402005 200000 101002 2 402005 200000 101002 2 402005 200000 101002 2 6 10000 1.35811 1.29957 1.50645 3.69815
../functions/dot_product.hpp 402005 200000 101002 2 402005 200000 101002 2 402005 200000 101002 2 402005 200000 101002 2 8 10000 1.04526 0.988545 1.18719 3.83801
../functions/dot_product.hpp 402005 200000 101002 2 402005 200000 101002 2 402005 200000 101002 2 402005 200000 101002 2 10 10000 0.844822 0.786494 0.782487 3.87082
../functions/dot_product.hpp 402005 200000 101002 2 402005 200000 101002 2 402005 200000 101002 2 402005 200000 101002 2 12 10000 0.720155 0.684824 0.77953 3.88503
../functions/dot_product.hpp 402005 200000 101002 2 402005 200000 101002 2 402005 200000 101002 2 402005 200000 101002 2 14 10000 0.617856 0.571618 0.779572 3.88636
../functions/dot_product.hpp 402005 200000 101002 2 402005 200000 101002 2 402005 200000 101002 2 402005 200000 101002 2 16 10000 0.54252 0.510581 0.78011 3.89709
../functions/dot_product.hpp 402005 200000 101002 2 402005 200000 101002 2 402005 200000 101002 2 402005 200000 101002 2 18 10000 0.681496 0.63911 0.789423 5.30044
../functions/dot_product.hpp 402005 200000 101002 2 402005 200000 101002 2 402005 200000 101002 2 402005 200000 101002 2 20 10000 0.661415 0.59007 0.780185 5.40154
../functions/dot_product.hpp 402005 200000 101002 2 402005 200000 101002 2 402005 200000 101002 2 402005 200000 101002 2 22 10000 0.585652 0.694662 0.822879 3.88639
../functions/dot_product.hpp 402005 200000 101002 2 402005 200000 101002 2 402005 200000 101002 2 402005 200000 101002 2 24 10000 0.706284 0.668589 0.78422 5.41928
../functions/dot_product.hpp 402005 200000 101002 2 402005 200000 101002 2 402005 200000 101002 2 402005 200000 101002 2 26 10000 0.638687 0.600769 0.819001 5.39962
../functions/dot_product.hpp 402005 200000 101002 2 402005 200000 101002 2 402005 200000 101002 2 402005 200000 101002 2 28 10000 0.594864 0.552018 0.761349 5.40508
../functions/dot_product.hpp 402005 200000 101002 2 402005 200000 101002 2 402005 200000 101002 2 402005 200000 101002 2 30 10000 0.555582 0.530798 0.761411 5.36826
../functions/dot_product.hpp 402005 200000 101002 2 402005 200000 101002 2 402005 200000 101002 2 402005 200000 101002 2 32 10000 0.576036 0.583967 0.764456 5.46885
../functions/empty.hpp 0 0 0 0 0 0 0 0 0 0 0 0 0 0 0 0 1 10000000 0.677548 0.536005 0.454337 0.453812
../functions/empty.hpp 0 0 0 0 0 0 0 0 0 0 0 0 0 0 0 0 2 10000000 0.368348 0.322342 0.293128 0.263179
../functions/empty.hpp 0 0 0 0 0 0 0 0 0 0 0 0 0 0 0 0 4 10000000 0.203947 0.160772 0.159599 0.172922
../functions/empty.hpp 0 0 0 0 0 0 0 0 0 0 0 0 0 0 0 0 6 10000000 0.149017 0.118363 0.113117 0.116067
../functions/empty.hpp 0 0 0 0 0 0 0 0 0 0 0 0 0 0 0 0 8 10000000 0.123444 0.0898146 0.0870954 0.0902558
../functions/empty.hpp 0 0 0 0 0 0 0 0 0 0 0 0 0 0 0 0 10 10000000 0.107134 0.0736135 0.0724056 0.0700524
../functions/empty.hpp 0 0 0 0 0 0 0 0 0 0 0 0 0 0 0 0 12 10000000 0.0878186 0.0682004 0.0650952 0.0608168
../functions/empty.hpp 0 0 0 0 0 0 0 0 0 0 0 0 0 0 0 0 14 10000000 0.0791476 0.0607053 0.054886 0.0574745
../functions/empty.hpp 0 0 0 0 0 0 0 0 0 0 0 0 0 0 0 0 16 10000000 0.0723982 0.0544603 0.0472665 0.0450521
../functions/empty.hpp 0 0 0 0 0 0 0 0 0 0 0 0 0 0 0 0 18 10000000 0.07258 0.0515478 0.0444434 0.0451413
../functions/empty.hpp 0 0 0 0 0 0 0 0 0 0 0 0 0 0 0 0 20 10000000 0.0741629 0.0552416 0.0499571 0.047003
../functions/empty.hpp 0 0 0 0 0 0 0 0 0 0 0 0 0 0 0 0 22 10000000 0.0698672 0.0541254 0.0460485 0.0454968
../functions/empty.hpp 0 0 0 0 0 0 0 0 0 0 0 0 0 0 0 0 24 10000000 0.068212 0.0511368 0.0425312 0.0418421
../functions/empty.hpp 0 0 0 0 0 0 0 0 0 0 0 0 0 0 0 0 26 10000000 0.0640825 0.0478031 0.0401736 0.0386236
../functions/empty.hpp 0 0 0 0 0 0 0 0 0 0 0 0 0 0 0 0 28 10000000 0.0598573 0.0455619 0.0384355 0.0360008
../functions/empty.hpp 0 0 0 0 0 0 0 0 0 0 0 0 0 0 0 0 30 10000000 0.0572619 0.0469477 0.0365458 0.033619
../functions/empty.hpp 0 0 0 0 0 0 0 0 0 0 0 0 0 0 0 0 32 10000000 0.0584249 0.0413731 0.0376665 0.0316855
../functions/mat_mat2.hpp 100100206 50000000 25050103 3 100100206 50000000 25050103 3 100100206 50000000 25050103 3 100100206 50000000 25050103 3 1 500 265.99 266.043 275.083 275.122
../functions/mat_mat2.hpp 100100206 50000000 25050103 3 100100206 50000000 25050103 3 100100206 50000000 25050103 3 100100206 50000000 25050103 3 2 500 133.101 133.241 262.084 264.14
../functions/mat_mat2.hpp 100100206 50000000 25050103 3 100100206 50000000 25050103 3 100100206 50000000 25050103 3 100100206 50000000 25050103 3 4 500 73.8027 84.684 264.982 265.497
../functions/mat_mat2.hpp 100100206 50000000 25050103 3 100100206 50000000 25050103 3 100100206 50000000 25050103 3 100100206 50000000 25050103 3 6 500 50.9025 59.7962 267.628 268.174
../functions/mat_mat2.hpp 100100206 50000000 25050103 3 100100206 50000000 25050103 3 100100206 50000000 25050103 3 100100206 50000000 25050103 3 8 500 39.802 60.1967 270.605 270.344
../functions/mat_mat2.hpp 100100206 50000000 25050103 3 100100206 50000000 25050103 3 100100206 50000000 25050103 3 100100206 50000000 25050103 3 10 500 32.4199 53.3663 271.968 270.965
../functions/mat_mat2.hpp 100100206 50000000 25050103 3 100100206 50000000 25050103 3 100100206 50000000 25050103 3 100100206 50000000 25050103 3 12 500 27.7389 31.0919 266.878 267.278
../functions/mat_mat2.hpp 100100206 50000000 25050103 3 100100206 50000000 25050103 3 100100206 50000000 25050103 3 100100206 50000000 25050103 3 14 500 22.6589 30.8025 271.82 271.179
../functions/mat_mat2.hpp 100100206 50000000 25050103 3 100100206 50000000 25050103 3 100100206 50000000 25050103 3 100100206 50000000 25050103 3 16 500 20.9898 30.8255 277.053 276.934
../functions/mat_mat2.hpp 100100206 50000000 25050103 3 100100206 50000000 25050103 3 100100206 50000000 25050103 3 100100206 50000000 25050103 3 18 500 24.0767 39.1072 272.492 300.427
../functions/mat_mat2.hpp 100100206 50000000 25050103 3 100100206 50000000 25050103 3 100100206 50000000 25050103 3 100100206 50000000 25050103 3 20 500 24.3228 40.1895 276.248 278.891
../functions/mat_mat2.hpp 100100206 50000000 25050103 3 100100206 50000000 25050103 3 100100206 50000000 25050103 3 100100206 50000000 25050103 3 22 500 27.5112 40.1203 273.616 274.005
../functions/mat_mat2.hpp 100100206 50000000 25050103 3 100100206 50000000 25050103 3 100100206 50000000 25050103 3 100100206 50000000 25050103 3 24 500 27.5958 57.3889 295.67 297.183
../functions/mat_mat2.hpp 100100206 50000000 25050103 3 100100206 50000000 25050103 3 100100206 50000000 25050103 3 100100206 50000000 25050103 3 26 500 23.1248 40.5662 274.844 275.174
../functions/mat_mat2.hpp 100100206 50000000 25050103 3 100100206 50000000 25050103 3 100100206 50000000 25050103 3 100100206 50000000 25050103 3 28 500 23.015 56.5037 294.061 295.492
../functions/mat_mat2.hpp 100100206 50000000 25050103 3 100100206 50000000 25050103 3 100100206 50000000 25050103 3 100100206 50000000 25050103 3 30 500 23.1649 56.4546 297.094 297.853
../functions/mat_mat2.hpp 100100206 50000000 25050103 3 100100206 50000000 25050103 3 100100206 50000000 25050103 3 100100206 50000000 25050103 3 32 500 23.0908 56.4456 297.878 301.886
../functions/mat_mat3.hpp 40204 20000 10102 2 40204 20000 10102 2 40204 20000 10102 2 40204 20000 10102 2 1 100 0.0413246 0.0332776 0.0287228 0.0256637
../functions/mat_mat3.hpp 40204 20000 10102 2 40204 20000 10102 2 40204 20000 10102 2 40204 20000 10102 2 2 100 0.022674 0.0189713 0.0330407 0.0285586
../functions/mat_mat3.hpp 40204 20000 10102 2 40204 20000 10102 2 40204 20000 10102 2 40204 20000 10102 2 4 100 0.0131123 0.0207496 0.0350017 0.0298928
../functions/mat_mat3.hpp 40204 20000 10102 2 40204 20000 10102 2 40204 20000 10102 2 40204 20000 10102 2 6 100 0.00963014 0.02105 0.0360466 0.025481
../functions/mat_mat3.hpp 40204 20000 10102 2 40204 20000 10102 2 40204 20000 10102 2 40204 20000 10102 2 8 100 0.00737741 0.0202144 0.0342436 0.0295781
../functions/mat_mat3.hpp 40204 20000 10102 2 40204 20000 10102 2 40204 20000 10102 2 40204 20000 10102 2 10 100 0.00616405 0.0211176 0.0369374 0.0312117
../functions/mat_mat3.hpp 40204 20000 10102 2 40204 20000 10102 2 40204 20000 10102 2 40204 20000 10102 2 12 100 0.00813693 0.0216186 0.0368325 0.0305498
../functions/mat_mat3.hpp 40204 20000 10102 2 40204 20000 10102 2 40204 20000 10102 2 40204 20000 10102 2 14 100 0.00607563 0.0207599 0.0358625 0.0305824
../functions/mat_mat3.hpp 40204 20000 10102 2 40204 20000 10102 2 40204 20000 10102 2 40204 20000 10102 2 16 100 0.00622202 0.0217572 0.0214699 0.0317336
../functions/mat_mat3.hpp 40204 20000 10102 2 40204 20000 10102 2 40204 20000 10102 2 40204 20000 10102 2 18 100 0.00587288 0.0207637 0.0353422 0.0301533
../functions/mat_mat3.hpp 40204 20000 10102 2 40204 20000 10102 2 40204 20000 10102 2 40204 20000 10102 2 20 100 0.00571448 0.0217184 0.0499303 0.0284703
../functions/mat_mat3.hpp 40204 20000 10102 2 40204 20000 10102 2 40204 20000 10102 2 40204 20000 10102 2 22 100 0.00575876 0.0209793 0.049731 0.034361
../functions/mat_mat3.hpp 40204 20000 10102 2 40204 20000 10102 2 40204 20000 10102 2 40204 20000 10102 2 24 100 0.00571623 0.0297543 0.0475641 0.0373433
../functions/mat_mat3.hpp 40204 20000 10102 2 40204 20000 10102 2 40204 20000 10102 2 40204 20000 10102 2 26 100 0.00544315 0.0292489 0.0470562 0.0388197
../functions/mat_mat3.hpp 40204 20000 10102 2 40204 20000 10102 2 40204 20000 10102 2 40204 20000 10102 2 28 100 0.00593951 0.0300181 0.0498334 0.0402368
../functions/mat_mat3.hpp 40204 20000 10102 2 40204 20000 10102 2 40204 20000 10102 2 40204 20000 10102 2 30 100 0.00622894 0.0294568 0.045832 0.0399877
../functions/mat_mat3.hpp 40204 20000 10102 2 40204 20000 10102 2 40204 20000 10102 2 40204 20000 10102 2 32 100 0.00597108 0.0295899 0.0435113 0.0401356
../functions/mat_mat4.hpp 4020206 2000000 1010103 3 4020206 2000000 1010103 3 4020206 2000000 1010103 3 4020206 2000000 1010103 3 1 100 0.0414628 0.0347417 0.0294827 0.0262387
../functions/mat_mat4.hpp 4020206 2000000 1010103 3 4020206 2000000 1010103 3 4020206 2000000 1010103 3 4020206 2000000 1010103 3 2 100 0.0222911 0.019732 0.0349438 0.029416
../functions/mat_mat4.hpp 4020206 2000000 1010103 3 4020206 2000000 1010103 3 4020206 2000000 1010103 3 4020206 2000000 1010103 3 4 100 0.0130018 0.0194168 0.033556 0.0288999
../functions/mat_mat4.hpp 4020206 2000000 1010103 3 4020206 2000000 1010103 3 4020206 2000000 1010103 3 4020206 2000000 1010103 3 6 100 0.00963663 0.0206737 0.0314041 0.0277503
../functions/mat_mat4.hpp 4020206 2000000 1010103 3 4020206 2000000 1010103 3 4020206 2000000 1010103 3 4020206 2000000 1010103 3 8 100 0.00744103 0.0208632 0.0347781 0.0296679
../functions/mat_mat4.hpp 4020206 2000000 1010103 3 4020206 2000000 1010103 3 4020206 2000000 1010103 3 4020206 2000000 1010103 3 10 100 0.00609617 0.0210213 0.0350612 0.0302306
../functions/mat_mat4.hpp 4020206 2000000 1010103 3 4020206 2000000 1010103 3 4020206 2000000 1010103 3 4020206 2000000 1010103 3 12 100 0.00591605 0.0219923 0.0359546 0.0213445
../functions/mat_mat4.hpp 4020206 2000000 1010103 3 4020206 2000000 1010103 3 4020206 2000000 1010103 3 4020206 2000000 1010103 3 14 100 0.00609945 0.0215536 0.035434 0.0231119
../functions/mat_mat4.hpp 4020206 2000000 1010103 3 4020206 2000000 1010103 3 4020206 2000000 1010103 3 4020206 2000000 1010103 3 16 100 0.0059363 0.0211984 0.0316924 0.0305716
../functions/mat_mat4.hpp 4020206 2000000 1010103 3 4020206 2000000 1010103 3 4020206 2000000 1010103 3 4020206 2000000 1010103 3 18 100 0.00572587 0.0212437 0.0215166 0.0331151
../functions/mat_mat4.hpp 4020206 2000000 1010103 3 4020206 2000000 1010103 3 4020206 2000000 1010103 3 4020206 2000000 1010103 3 20 100 0.00574228 0.0293951 0.0234489 0.0302948
../functions/mat_mat4.hpp 4020206 2000000 1010103 3 4020206 2000000 1010103 3 4020206 2000000 1010103 3 4020206 2000000 1010103 3 22 100 0.00573481 0.029644 0.0372915 0.0414704
../functions/mat_mat4.hpp 4020206 2000000 1010103 3 4020206 2000000 1010103 3 4020206 2000000 1010103 3 4020206 2000000 1010103 3 24 100 0.0058893 0.0289642 0.0338868 0.0361391
../functions/mat_mat4.hpp 4020206 2000000 1010103 3 4020206 2000000 1010103 3 4020206 2000000 1010103 3 4020206 2000000 1010103 3 26 100 0.00555322 0.0292378 0.0466034 0.0386358
../functions/mat_mat4.hpp 4020206 2000000 1010103 3 4020206 2000000 1010103 3 4020206 2000000 1010103 3 4020206 2000000 1010103 3 28 100 0.00575834 0.0297526 0.047171 0.0341235
../functions/mat_mat4.hpp 4020206 2000000 1010103 3 4020206 2000000 1010103 3 4020206 2000000 1010103 3 4020206 2000000 1010103 3 30 100 0.00620917 0.0297609 0.0484974 0.039299
../functions/mat_mat4.hpp 4020206 2000000 1010103 3 4020206 2000000 1010103 3 4020206 2000000 1010103 3 4020206 2000000 1010103 3 32 100 0.0056445 0.0297755 0.0412218 0.0395878
../functions/mat_mat5.hpp 4002004 2000000 1001002 2 4002004 2000000 1001002 2 4002004 2000000 1001002 2 4002004 2000000 1001002 2 1 100 0.0404982 0.0323015 0.0279288 0.0253055
../functions/mat_mat5.hpp 4002004 2000000 1001002 2 4002004 2000000 1001002 2 4002004 2000000 1001002 2 4002004 2000000 1001002 2 2 100 0.0228795 0.0186224 0.0326188 0.0285386
../functions/mat_mat5.hpp 4002004 2000000 1001002 2 4002004 2000000 1001002 2 4002004 2000000 1001002 2 4002004 2000000 1001002 2 4 100 0.0113088 0.0207159 0.0349774 0.0303249
../functions/mat_mat5.hpp 4002004 2000000 1001002 2 4002004 2000000 1001002 2 4002004 2000000 1001002 2 4002004 2000000 1001002 2 6 100 0.00893424 0.0202477 0.035531 0.0238822
../functions/mat_mat5.hpp 4002004 2000000 1001002 2 4002004 2000000 1001002 2 4002004 2000000 1001002 2 4002004 2000000 1001002 2 8 100 0.00773276 0.0208875 0.0358968 0.0313749
../functions/mat_mat5.hpp 4002004 2000000 1001002 2 4002004 2000000 1001002 2 4002004 2000000 1001002 2 4002004 2000000 1001002 2 10 100 0.00589656 0.0216812 0.0363275 0.0304295
../functions/mat_mat5.hpp 4002004 2000000 1001002 2 4002004 2000000 1001002 2 4002004 2000000 1001002 2 4002004 2000000 1001002 2 12 100 0.00577231 0.0205842 0.0349137 0.0302386
../functions/mat_mat5.hpp 4002004 2000000 1001002 2 4002004 2000000 1001002 2 4002004 2000000 1001002 2 4002004 2000000 1001002 2 14 100 0.00607403 0.0213739 0.0358236 0.0302614
../functions/mat_mat5.hpp 4002004 2000000 1001002 2 4002004 2000000 1001002 2 4002004 2000000 1001002 2 4002004 2000000 1001002 2 16 100 0.00640822 0.0214439 0.0354412 0.0316991
../functions/mat_mat5.hpp 4002004 2000000 1001002 2 4002004 2000000 1001002 2 4002004 2000000 1001002 2 4002004 2000000 1001002 2 18 100 0.00574172 0.0205822 0.0353254 0.0422543
../functions/mat_mat5.hpp 4002004 2000000 1001002 2 4002004 2000000 1001002 2 4002004 2000000 1001002 2 4002004 2000000 1001002 2 20 100 0.00597688 0.0211675 0.0492792 0.0397768
../functions/mat_mat5.hpp 4002004 2000000 1001002 2 4002004 2000000 1001002 2 4002004 2000000 1001002 2 4002004 2000000 1001002 2 22 100 0.00552158 0.0203485 0.0349129 0.029484
../functions/mat_mat5.hpp 4002004 2000000 1001002 2 4002004 2000000 1001002 2 4002004 2000000 1001002 2 4002004 2000000 1001002 2 24 100 0.00571853 0.0294039 0.0472394 0.0389347
../functions/mat_mat5.hpp 4002004 2000000 1001002 2 4002004 2000000 1001002 2 4002004 2000000 1001002 2 4002004 2000000 1001002 2 26 100 0.00581429 0.0299755 0.0475475 0.0341952
../functions/mat_mat5.hpp 4002004 2000000 1001002 2 4002004 2000000 1001002 2 4002004 2000000 1001002 2 4002004 2000000 1001002 2 28 100 0.00579159 0.0291345 0.0338403 0.0407345
../functions/mat_mat5.hpp 4002004 2000000 1001002 2 4002004 2000000 1001002 2 4002004 2000000 1001002 2 4002004 2000000 1001002 2 30 100 0.00582106 0.0297691 0.0472224 0.0393619
../functions/mat_mat5.hpp 4002004 2000000 1001002 2 4002004 2000000 1001002 2 4002004 2000000 1001002 2 4002004 2000000 1001002 2 32 100 0.00577133 0.0289376 0.0468196 0.0366341
../functions/mat_mat6.hpp 1001006 500000 250503 2 1001006 500000 250503 2 1001006 500000 250503 2 1001006 500000 250503 2 1 500 1.61525 1.41357 1.46045 1.45961
../functions/mat_mat6.hpp 1001006 500000 250503 2 1001006 500000 250503 2 1001006 500000 250503 2 1001006 500000 250503 2 2 500 0.897407 0.7156 1.41047 1.41168
../functions/mat_mat6.hpp 1001006 500000 250503 2 1001006 500000 250503 2 1001006 500000 250503 2 1001006 500000 250503 2 4 500 0.494502 0.503727 1.52333 1.71075
../functions/mat_mat6.hpp 1001006 500000 250503 2 1001006 500000 250503 2 1001006 500000 250503 2 1001006 500000 250503 2 6 500 0.35116 0.359629 1.60185 1.71164
../functions/mat_mat6.hpp 1001006 500000 250503 2 1001006 500000 250503 2 1001006 500000 250503 2 1001006 500000 250503 2 8 500 0.290104 0.408353 1.66296 1.65891
../functions/mat_mat6.hpp 1001006 500000 250503 2 1001006 500000 250503 2 1001006 500000 250503 2 1001006 500000 250503 2 10 500 0.228582 0.210943 1.71291 1.4197
../functions/mat_mat6.hpp 1001006 500000 250503 2 1001006 500000 250503 2 1001006 500000 250503 2 1001006 500000 250503 2 12 500 0.200201 0.211287 1.74819 1.68862
../functions/mat_mat6.hpp 1001006 500000 250503 2 1001006 500000 250503 2 1001006 500000 250503 2 1001006 500000 250503 2 14 500 0.184487 0.205456 1.6841 1.64864
../functions/mat_mat6.hpp 1001006 500000 250503 2 1001006 500000 250503 2 1001006 500000 250503 2 1001006 500000 250503 2 16 500 0.177012 0.200409 1.74747 1.70491
../functions/mat_mat6.hpp 1001006 500000 250503 2 1001006 500000 250503 2 1001006 500000 250503 2 1001006 500000 250503 2 18 500 0.167019 0.305768 2.77569 1.70022
../functions/mat_mat6.hpp 1001006 500000 250503 2 1001006 500000 250503 2 1001006 500000 250503 2 1001006 500000 250503 2 20 500 0.172631 0.336291 1.7478 1.71906
../functions/mat_mat6.hpp 1001006 500000 250503 2 1001006 500000 250503 2 1001006 500000 250503 2 1001006 500000 250503 2 22 500 0.15221 0.304511 1.77123 1.71761
../functions/mat_mat6.hpp 1001006 500000 250503 2 1001006 500000 250503 2 1001006 500000 250503 2 1001006 500000 250503 2 24 500 0.174934 0.347643 2.78591 2.79023
../functions/mat_mat6.hpp 1001006 500000 250503 2 1001006 500000 250503 2 1001006 500000 250503 2 1001006 500000 250503 2 26 500 0.175197 0.307653 2.74682 1.71899
../functions/mat_mat6.hpp 1001006 500000 250503 2 1001006 500000 250503 2 1001006 500000 250503 2 1001006 500000 250503 2 28 500 0.151612 0.349861 2.78793 2.74994
../functions/mat_mat6.hpp 1001006 500000 250503 2 1001006 500000 250503 2 1001006 500000 250503 2 1001006 500000 250503 2 30 500 0.1411 0.367856 2.80056 2.76229
../functions/mat_mat6.hpp 1001006 500000 250503 2 1001006 500000 250503 2 1001006 500000 250503 2 1001006 500000 250503 2 32 500 0.158091 0.383685 2.83 2.7857
../functions/mat_mat.hpp 4002004 2000000 1001002 2 4002004 2000000 1001002 2 4002004 2000000 1001002 2 4002004 2000000 1001002 2 1 1000 25.7169 25.6396 25.8756 25.4506
../functions/mat_mat.hpp 4002004 2000000 1001002 2 4002004 2000000 1001002 2 4002004 2000000 1001002 2 4002004 2000000 1001002 2 2 1000 14.6757 14.5253 14.5216 25.5642
../functions/mat_mat.hpp 4002004 2000000 1001002 2 4002004 2000000 1001002 2 4002004 2000000 1001002 2 4002004 2000000 1001002 2 4 1000 8.22856 8.13972 15.2466 26.688
../functions/mat_mat.hpp 4002004 2000000 1001002 2 4002004 2000000 1001002 2 4002004 2000000 1001002 2 4002004 2000000 1001002 2 6 1000 5.83668 6.82934 15.7621 27.3038
../functions/mat_mat.hpp 4002004 2000000 1001002 2 4002004 2000000 1001002 2 4002004 2000000 1001002 2 4002004 2000000 1001002 2 8 1000 4.65318 5.37668 16.1197 28.0662
../functions/mat_mat.hpp 4002004 2000000 1001002 2 4002004 2000000 1001002 2 4002004 2000000 1001002 2 4002004 2000000 1001002 2 10 1000 3.5709 3.60317 16.6992 28.7053
../functions/mat_mat.hpp 4002004 2000000 1001002 2 4002004 2000000 1001002 2 4002004 2000000 1001002 2 4002004 2000000 1001002 2 12 1000 3.30442 3.55507 14.635 29.1122
../functions/mat_mat.hpp 4002004 2000000 1001002 2 4002004 2000000 1001002 2 4002004 2000000 1001002 2 4002004 2000000 1001002 2 14 1000 3.01103 3.92569 15.8423 29.6313
../functions/mat_mat.hpp 4002004 2000000 1001002 2 4002004 2000000 1001002 2 4002004 2000000 1001002 2 4002004 2000000 1001002 2 16 1000 3.13591 3.76244 14.8343 29.6962
../functions/mat_mat.hpp 4002004 2000000 1001002 2 4002004 2000000 1001002 2 4002004 2000000 1001002 2 4002004 2000000 1001002 2 18 1000 2.9557 3.62247 21.926 29.638
../functions/mat_mat.hpp 4002004 2000000 1001002 2 4002004 2000000 1001002 2 4002004 2000000 1001002 2 4002004 2000000 1001002 2 20 1000 2.693 3.22659 20.9896 29.7717
../functions/mat_mat.hpp 4002004 2000000 1001002 2 4002004 2000000 1001002 2 4002004 2000000 1001002 2 4002004 2000000 1001002 2 22 1000 3.13379 3.09646 21.7457 38.1997
../functions/mat_mat.hpp 4002004 2000000 1001002 2 4002004 2000000 1001002 2 4002004 2000000 1001002 2 4002004 2000000 1001002 2 24 1000 3.11714 3.43207 22.4599 37.5509
../functions/mat_mat.hpp 4002004 2000000 1001002 2 4002004 2000000 1001002 2 4002004 2000000 1001002 2 4002004 2000000 1001002 2 26 1000 2.88866 3.22012 20.9186 37.7547
../functions/mat_mat.hpp 4002004 2000000 1001002 2 4002004 2000000 1001002 2 4002004 2000000 1001002 2 4002004 2000000 1001002 2 28 1000 2.69617 3.2913 22.5758 37.6461
../functions/mat_mat.hpp 4002004 2000000 1001002 2 4002004 2000000 1001002 2 4002004 2000000 1001002 2 4002004 2000000 1001002 2 30 1000 2.63575 3.11099 21.5824 38.3539
../functions/mat_mat.hpp 4002004 2000000 1001002 2 4002004 2000000 1001002 2 4002004 2000000 1001002 2 4002004 2000000 1001002 2 32 1000 2.95766 3.34731 21.468 37.8505
../functions/mat_vect2.hpp 40002004 20000000 10001002 2 40002004 20000000 10001002 2 40002004 20000000 10001002 2 40002004 20000000 10001002 2 1 10000 1109.77 1109.64 1109.73 1107.26
../functions/mat_vect2.hpp 40002004 20000000 10001002 2 40002004 20000000 10001002 2 40002004 20000000 10001002 2 40002004 20000000 10001002 2 2 10000 561.566 561.117 561.987 560.136
../functions/mat_vect2.hpp 40002004 20000000 10001002 2 40002004 20000000 10001002 2 40002004 20000000 10001002 2 40002004 20000000 10001002 2 4 10000 311.106 308.724 308.971 571.013
../functions/mat_vect2.hpp 40002004 20000000 10001002 2 40002004 20000000 10001002 2 40002004 20000000 10001002 2 40002004 20000000 10001002 2 6 10000 221.339 221.261 259.269 577.912
../functions/mat_vect2.hpp 40002004 20000000 10001002 2 40002004 20000000 10001002 2 40002004 20000000 10001002 2 40002004 20000000 10001002 2 8 10000 171.728 171.888 201.952 584.905
../functions/mat_vect2.hpp 40002004 20000000 10001002 2 40002004 20000000 10001002 2 40002004 20000000 10001002 2 40002004 20000000 10001002 2 10 10000 137.304 137.767 137.05 582.968
../functions/mat_vect2.hpp 40002004 20000000 10001002 2 40002004 20000000 10001002 2 40002004 20000000 10001002 2 40002004 20000000 10001002 2 12 10000 114.822 129.882 134.218 583.871
../functions/mat_vect2.hpp 40002004 20000000 10001002 2 40002004 20000000 10001002 2 40002004 20000000 10001002 2 40002004 20000000 10001002 2 14 10000 98.7103 99.6015 132.88 583.357
../functions/mat_vect2.hpp 40002004 20000000 10001002 2 40002004 20000000 10001002 2 40002004 20000000 10001002 2 40002004 20000000 10001002 2 16 10000 106.561 100.775 132.903 585.515
../functions/mat_vect2.hpp 40002004 20000000 10001002 2 40002004 20000000 10001002 2 40002004 20000000 10001002 2 40002004 20000000 10001002 2 18 10000 99.7119 113.846 135.377 612.435
../functions/mat_vect2.hpp 40002004 20000000 10001002 2 40002004 20000000 10001002 2 40002004 20000000 10001002 2 40002004 20000000 10001002 2 20 10000 104.38 103.956 135.89 612.133
../functions/mat_vect2.hpp 40002004 20000000 10001002 2 40002004 20000000 10001002 2 40002004 20000000 10001002 2 40002004 20000000 10001002 2 22 10000 112.857 112.653 136.627 601.28
../functions/mat_vect2.hpp 40002004 20000000 10001002 2 40002004 20000000 10001002 2 40002004 20000000 10001002 2 40002004 20000000 10001002 2 24 10000 117.779 116.367 138.793 597.178
../functions/mat_vect2.hpp 40002004 20000000 10001002 2 40002004 20000000 10001002 2 40002004 20000000 10001002 2 40002004 20000000 10001002 2 26 10000 109.584 109.429 137.98 597.245
../functions/mat_vect2.hpp 40002004 20000000 10001002 2 40002004 20000000 10001002 2 40002004 20000000 10001002 2 40002004 20000000 10001002 2 28 10000 102.353 102.667 146.344 616.063
../functions/mat_vect2.hpp 40002004 20000000 10001002 2 40002004 20000000 10001002 2 40002004 20000000 10001002 2 40002004 20000000 10001002 2 30 10000 94.3681 94.9134 134.93 615.241
../functions/mat_vect2.hpp 40002004 20000000 10001002 2 40002004 20000000 10001002 2 40002004 20000000 10001002 2 40002004 20000000 10001002 2 32 10000 89.589 89.9553 138.164 615.549
../functions/mat_vect3.hpp 4002004 2000000 1001002 2 4002004 2000000 1001002 2 4002004 2000000 1001002 2 4002004 2000000 1001002 2 1 1000 11.3086 11.1081 11.1326 11.0828
../functions/mat_vect3.hpp 4002004 2000000 1001002 2 4002004 2000000 1001002 2 4002004 2000000 1001002 2 4002004 2000000 1001002 2 2 1000 5.86169 5.61696 5.62032 11.1741
../functions/mat_vect3.hpp 4002004 2000000 1001002 2 4002004 2000000 1001002 2 4002004 2000000 1001002 2 4002004 2000000 1001002 2 4 1000 3.25871 3.12863 6.08472 11.9183
../functions/mat_vect3.hpp 4002004 2000000 1001002 2 4002004 2000000 1001002 2 4002004 2000000 1001002 2 4002004 2000000 1001002 2 6 1000 2.42478 2.65165 6.45559 12.4482
../functions/mat_vect3.hpp 4002004 2000000 1001002 2 4002004 2000000 1001002 2 4002004 2000000 1001002 2 4002004 2000000 1001002 2 8 1000 1.82685 2.05007 6.66358 12.9512
../functions/mat_vect3.hpp 4002004 2000000 1001002 2 4002004 2000000 1001002 2 4002004 2000000 1001002 2 4002004 2000000 1001002 2 10 1000 1.48234 1.37668 6.67936 13.3579
../functions/mat_vect3.hpp 4002004 2000000 1001002 2 4002004 2000000 1001002 2 4002004 2000000 1001002 2 4002004 2000000 1001002 2 12 1000 1.26412 1.37305 6.78735 12.2208
../functions/mat_vect3.hpp 4002004 2000000 1001002 2 4002004 2000000 1001002 2 4002004 2000000 1001002 2 4002004 2000000 1001002 2 14 1000 1.32263 1.38561 6.79025 13.4573
../functions/mat_vect3.hpp 4002004 2000000 1001002 2 4002004 2000000 1001002 2 4002004 2000000 1001002 2 4002004 2000000 1001002 2 16 1000 0.95581 1.37938 6.81606 13.4808
../functions/mat_vect3.hpp 4002004 2000000 1001002 2 4002004 2000000 1001002 2 4002004 2000000 1001002 2 4002004 2000000 1001002 2 18 1000 1.24914 1.5808 6.8149 17.2367
../functions/mat_vect3.hpp 4002004 2000000 1001002 2 4002004 2000000 1001002 2 4002004 2000000 1001002 2 4002004 2000000 1001002 2 20 1000 1.14854 1.38822 6.79573 13.4548
../functions/mat_vect3.hpp 4002004 2000000 1001002 2 4002004 2000000 1001002 2 4002004 2000000 1001002 2 4002004 2000000 1001002 2 22 1000 1.38817 1.42283 9.13843 17.3508
../functions/mat_vect3.hpp 4002004 2000000 1001002 2 4002004 2000000 1001002 2 4002004 2000000 1001002 2 4002004 2000000 1001002 2 24 1000 1.29007 1.39094 9.11638 17.6393
../functions/mat_vect3.hpp 4002004 2000000 1001002 2 4002004 2000000 1001002 2 4002004 2000000 1001002 2 4002004 2000000 1001002 2 26 1000 1.18158 1.38651 9.11312 17.5549
../functions/mat_vect3.hpp 4002004 2000000 1001002 2 4002004 2000000 1001002 2 4002004 2000000 1001002 2 4002004 2000000 1001002 2 28 1000 1.23168 1.47609 9.06393 17.6699
../functions/mat_vect3.hpp 4002004 2000000 1001002 2 4002004 2000000 1001002 2 4002004 2000000 1001002 2 4002004 2000000 1001002 2 30 1000 1.12596 1.39428 9.10483 17.1527
../functions/mat_vect3.hpp 4002004 2000000 1001002 2 4002004 2000000 1001002 2 4002004 2000000 1001002 2 4002004 2000000 1001002 2 32 1000 1.02828 1.44796 9.13274 17.4824
../functions/mat_vect.hpp 4000204 2000000 1000102 2 4000204 2000000 1000102 2 4000204 2000000 1000102 2 4000204 2000000 1000102 2 1 10000 153.725 153.405 153.52 160.56
../functions/mat_vect.hpp 4000204 2000000 1000102 2 4000204 2000000 1000102 2 4000204 2000000 1000102 2 4000204 2000000 1000102 2 2 10000 76.8797 77.488 77.2791 77.8002
../functions/mat_vect.hpp 4000204 2000000 1000102 2 4000204 2000000 1000102 2 4000204 2000000 1000102 2 4000204 2000000 1000102 2 4 10000 39.8907 39.8311 39.5782 79.5709
../functions/mat_vect.hpp 4000204 2000000 1000102 2 4000204 2000000 1000102 2 4000204 2000000 1000102 2 4000204 2000000 1000102 2 6 10000 27.5468 27.4465 33.1778 81.5171
../functions/mat_vect.hpp 4000204 2000000 1000102 2 4000204 2000000 1000102 2 4000204 2000000 1000102 2 4000204 2000000 1000102 2 8 10000 20.9145 20.757 25.0965 83.4437
../functions/mat_vect.hpp 4000204 2000000 1000102 2 4000204 2000000 1000102 2 4000204 2000000 1000102 2 4000204 2000000 1000102 2 10 10000 16.2055 16.1023 16.1761 77.707
../functions/mat_vect.hpp 4000204 2000000 1000102 2 4000204 2000000 1000102 2 4000204 2000000 1000102 2 4000204 2000000 1000102 2 12 10000 15.2035 15.5671 16.0397 79.9877
../functions/mat_vect.hpp 4000204 2000000 1000102 2 4000204 2000000 1000102 2 4000204 2000000 1000102 2 4000204 2000000 1000102 2 14 10000 14.2169 14.4098 15.6417 79.5029
../functions/mat_vect.hpp 4000204 2000000 1000102 2 4000204 2000000 1000102 2 4000204 2000000 1000102 2 4000204 2000000 1000102 2 16 10000 9.97502 11.813 16.3536 87.4585
../functions/mat_vect.hpp 4000204 2000000 1000102 2 4000204 2000000 1000102 2 4000204 2000000 1000102 2 4000204 2000000 1000102 2 18 10000 11.605 11.5811 16.3503 86.7652
../functions/mat_vect.hpp 4000204 2000000 1000102 2 4000204 2000000 1000102 2 4000204 2000000 1000102 2 4000204 2000000 1000102 2 20 10000 12.802 11.8218 16.4543 86.9174
../functions/mat_vect.hpp 4000204 2000000 1000102 2 4000204 2000000 1000102 2 4000204 2000000 1000102 2 4000204 2000000 1000102 2 22 10000 12.4638 12.6631 14.0321 83.3476
../functions/mat_vect.hpp 4000204 2000000 1000102 2 4000204 2000000 1000102 2 4000204 2000000 1000102 2 4000204 2000000 1000102 2 24 10000 11.7396 11.6983 13.8943 84.5723
../functions/mat_vect.hpp 4000204 2000000 1000102 2 4000204 2000000 1000102 2 4000204 2000000 1000102 2 4000204 2000000 1000102 2 26 10000 12.6498 10.9597 13.875 84.4735
../functions/mat_vect.hpp 4000204 2000000 1000102 2 4000204 2000000 1000102 2 4000204 2000000 1000102 2 4000204 2000000 1000102 2 28 10000 10.077 10.1724 13.9776 88.3742
../functions/mat_vect.hpp 4000204 2000000 1000102 2 4000204 2000000 1000102 2 4000204 2000000 1000102 2 4000204 2000000 1000102 2 30 10000 9.45304 10.3799 13.8972 88.3831
../functions/mat_vect.hpp 4000204 2000000 1000102 2 4000204 2000000 1000102 2 4000204 2000000 1000102 2 4000204 2000000 1000102 2 32 10000 9.00394 9.22019 14.0661 87.9803
../functions/sum_up2.hpp 1345296340 0 1410066410 2 1345296340 0 1410066410 2 1345296340 0 1410066410 2 1345296340 0 1410066410 2 1 10000000 ../functions/sum_up2.hpp