187 6 5
num_ops num_float_ops num_comp_ops deepest_loop_level num_threads num_lambda_iter t(0.001) t(0.01) t(0.1) t(1) t(1.1)
../functions/dot_product.hpp 402005 200000 101002 2 402005 200000 101002 2 402005 200000 101002 2 402005 200000 101002 2 402005 200000 101002 2 1 10000 6.66064 6.45171 6.48855 6.43849 6.40941
../functions/dot_product.hpp 402005 200000 101002 2 402005 200000 101002 2 402005 200000 101002 2 402005 200000 101002 2 402005 200000 101002 2 2 10000 3.46939 3.24377 3.30551 6.38641 6.51563
../functions/dot_product.hpp 402005 200000 101002 2 402005 200000 101002 2 402005 200000 101002 2 402005 200000 101002 2 402005 200000 101002 2 4 10000 1.90379 1.7771 2.1538 7.03747 7.13145
../functions/dot_product.hpp 402005 200000 101002 2 402005 200000 101002 2 402005 200000 101002 2 402005 200000 101002 2 402005 200000 101002 2 6 10000 1.35651 1.294 1.52352 7.33371 7.41586
../functions/dot_product.hpp 402005 200000 101002 2 402005 200000 101002 2 402005 200000 101002 2 402005 200000 101002 2 402005 200000 101002 2 8 10000 1.0466 0.982853 1.55502 7.50352 7.62535
../functions/dot_product.hpp 402005 200000 101002 2 402005 200000 101002 2 402005 200000 101002 2 402005 200000 101002 2 402005 200000 101002 2 10 10000 0.839402 0.816145 0.785451 7.68107 7.65342
../functions/dot_product.hpp 402005 200000 101002 2 402005 200000 101002 2 402005 200000 101002 2 402005 200000 101002 2 402005 200000 101002 2 12 10000 0.712869 0.677938 0.788846 7.7155 7.20554
../functions/dot_product.hpp 402005 200000 101002 2 402005 200000 101002 2 402005 200000 101002 2 402005 200000 101002 2 402005 200000 101002 2 14 10000 0.725871 0.682628 0.782896 7.71228 7.7487
../functions/dot_product.hpp 402005 200000 101002 2 402005 200000 101002 2 402005 200000 101002 2 402005 200000 101002 2 402005 200000 101002 2 16 10000 0.668979 0.507855 0.834259 7.72802 7.83417
../functions/dot_product.hpp 402005 200000 101002 2 402005 200000 101002 2 402005 200000 101002 2 402005 200000 101002 2 402005 200000 101002 2 18 10000 0.663064 0.631419 1.51609 7.84134 7.82703
../functions/dot_product.hpp 402005 200000 101002 2 402005 200000 101002 2 402005 200000 101002 2 402005 200000 101002 2 402005 200000 101002 2 20 10000 0.708895 0.588621 1.51368 10.4944 7.72832
../functions/dot_product.hpp 402005 200000 101002 2 402005 200000 101002 2 402005 200000 101002 2 402005 200000 101002 2 402005 200000 101002 2 22 10000 0.711586 0.648849 1.51617 10.4593 10.5473
../functions/dot_product.hpp 402005 200000 101002 2 402005 200000 101002 2 402005 200000 101002 2 402005 200000 101002 2 402005 200000 101002 2 24 10000 0.686855 0.650046 1.12512 10.669 10.4978
../functions/dot_product.hpp 402005 200000 101002 2 402005 200000 101002 2 402005 200000 101002 2 402005 200000 101002 2 402005 200000 101002 2 26 10000 0.698858 0.608911 1.51191 10.4741 10.5646
../functions/dot_product.hpp 402005 200000 101002 2 402005 200000 101002 2 402005 200000 101002 2 402005 200000 101002 2 402005 200000 101002 2 28 10000 0.594352 0.609508 1.52085 10.271 10.5254
../functions/dot_product.hpp 402005 200000 101002 2 402005 200000 101002 2 402005 200000 101002 2 402005 200000 101002 2 402005 200000 101002 2 30 10000 0.564964 0.607731 1.52516 10.4279 10.4805
../functions/dot_product.hpp 402005 200000 101002 2 402005 200000 101002 2 402005 200000 101002 2 402005 200000 101002 2 402005 200000 101002 2 32 10000 0.539348 0.608731 1.52119 10.393 10.3693
../functions/empty.hpp 0 0 0 0 0 0 0 0 0 0 0 0 0 0 0 0 0 0 0 0 1 10000000 0.575723 0.467428 0.407612 0.409226 0.412717
../functions/empty.hpp 0 0 0 0 0 0 0 0 0 0 0 0 0 0 0 0 0 0 0 0 2 10000000 0.257733 0.270651 0.269488 0.422995 0.409561
../functions/empty.hpp 0 0 0 0 0 0 0 0 0 0 0 0 0 0 0 0 0 0 0 0 4 10000000 0.17596 0.135591 0.162386 0.50374 0.450843
../functions/empty.hpp 0 0 0 0 0 0 0 0 0 0 0 0 0 0 0 0 0 0 0 0 6 10000000 0.127086 0.0914275 0.108363 0.532755 0.484278
../functions/empty.hpp 0 0 0 0 0 0 0 0 0 0 0 0 0 0 0 0 0 0 0 0 8 10000000 0.106302 0.0735297 0.108423 0.540767 0.499964
../functions/empty.hpp 0 0 0 0 0 0 0 0 0 0 0 0 0 0 0 0 0 0 0 0 10 10000000 0.0895535 0.0635898 0.0548003 0.54029 0.503526
../functions/empty.hpp 0 0 0 0 0 0 0 0 0 0 0 0 0 0 0 0 0 0 0 0 12 10000000 0.0737607 0.0545558 0.0553289 0.543576 0.477586
../functions/empty.hpp 0 0 0 0 0 0 0 0 0 0 0 0 0 0 0 0 0 0 0 0 14 10000000 0.0658749 0.058793 0.108324 0.503451 0.507014
../functions/empty.hpp 0 0 0 0 0 0 0 0 0 0 0 0 0 0 0 0 0 0 0 0 16 10000000 0.0645664 0.0458414 0.0581026 0.547068 0.510053
../functions/empty.hpp 0 0 0 0 0 0 0 0 0 0 0 0 0 0 0 0 0 0 0 0 18 10000000 0.0640999 0.04772 0.0928852 0.726651 0.506115
../functions/empty.hpp 0 0 0 0 0 0 0 0 0 0 0 0 0 0 0 0 0 0 0 0 20 10000000 0.0694843 0.0514297 0.101985 0.544301 0.51015
../functions/empty.hpp 0 0 0 0 0 0 0 0 0 0 0 0 0 0 0 0 0 0 0 0 22 10000000 0.0642113 0.0540353 0.10062 0.692876 0.692914
../functions/empty.hpp 0 0 0 0 0 0 0 0 0 0 0 0 0 0 0 0 0 0 0 0 24 10000000 0.0642955 0.0514674 0.0794105 0.737854 0.696965
../functions/empty.hpp 0 0 0 0 0 0 0 0 0 0 0 0 0 0 0 0 0 0 0 0 26 10000000 0.0613021 0.0477953 0.0995733 0.73844 0.692025
../functions/empty.hpp 0 0 0 0 0 0 0 0 0 0 0 0 0 0 0 0 0 0 0 0 28 10000000 0.0603503 0.0445347 0.102154 0.73908 0.691648
../functions/empty.hpp 0 0 0 0 0 0 0 0 0 0 0 0 0 0 0 0 0 0 0 0 30 10000000 0.0577581 0.0480558 0.102498 0.738598 0.691965
../functions/empty.hpp 0 0 0 0 0 0 0 0 0 0 0 0 0 0 0 0 0 0 0 0 32 10000000 0.060965 0.0451265 0.101052 0.741331 0.717231
../functions/mat_mat2.hpp 10010026 5000000 2505013 3 10010026 5000000 2505013 3 10010026 5000000 2505013 3 10010026 5000000 2505013 3 10010026 5000000 2505013 3 1 500 26.71 26.7134 26.58 26.3715 26.3653
../functions/mat_mat2.hpp 10010026 5000000 2505013 3 10010026 5000000 2505013 3 10010026 5000000 2505013 3 10010026 5000000 2505013 3 10010026 5000000 2505013 3 2 500 13.6776 13.3538 13.498 26.8091 26.645
../functions/mat_mat2.hpp 10010026 5000000 2505013 3 10010026 5000000 2505013 3 10010026 5000000 2505013 3 10010026 5000000 2505013 3 10010026 5000000 2505013 3 4 500 7.61604 7.37016 8.59491 27.3984 27.5054
../functions/mat_mat2.hpp 10010026 5000000 2505013 3 10010026 5000000 2505013 3 10010026 5000000 2505013 3 10010026 5000000 2505013 3 10010026 5000000 2505013 3 6 500 5.20418 5.21321 6.08975 28.2209 28.2953
../functions/mat_mat2.hpp 10010026 5000000 2505013 3 10010026 5000000 2505013 3 10010026 5000000 2505013 3 10010026 5000000 2505013 3 10010026 5000000 2505013 3 8 500 4.05656 3.98774 6.19658 28.9482 28.9748
../functions/mat_mat2.hpp 10010026 5000000 2505013 3 10010026 5000000 2505013 3 10010026 5000000 2505013 3 10010026 5000000 2505013 3 10010026 5000000 2505013 3 10 500 3.32105 3.2465 3.14903 27.9969 29.7994
../functions/mat_mat2.hpp 10010026 5000000 2505013 3 10010026 5000000 2505013 3 10010026 5000000 2505013 3 10010026 5000000 2505013 3 10010026 5000000 2505013 3 12 500 3.13664 2.74824 3.12715 29.9599 30.1039
../functions/mat_mat2.hpp 10010026 5000000 2505013 3 10010026 5000000 2505013 3 10010026 5000000 2505013 3 10010026 5000000 2505013 3 10010026 5000000 2505013 3 14 500 2.43679 2.36483 3.75287 30.1293 30.1073
../functions/mat_mat2.hpp 10010026 5000000 2505013 3 10010026 5000000 2505013 3 10010026 5000000 2505013 3 10010026 5000000 2505013 3 10010026 5000000 2505013 3 16 500 2.51229 2.10692 3.7599 30.4844 30.4628
../functions/mat_mat2.hpp 10010026 5000000 2505013 3 10010026 5000000 2505013 3 10010026 5000000 2505013 3 10010026 5000000 2505013 3 10010026 5000000 2505013 3 18 500 2.50461 2.50525 5.81375 30.1501 29.9759
../functions/mat_mat2.hpp 10010026 5000000 2505013 3 10010026 5000000 2505013 3 10010026 5000000 2505013 3 10010026 5000000 2505013 3 10010026 5000000 2505013 3 20 500 2.53622 2.47938 5.83188 30.1448 38.3272
../functions/mat_mat2.hpp 10010026 5000000 2505013 3 10010026 5000000 2505013 3 10010026 5000000 2505013 3 10010026 5000000 2505013 3 10010026 5000000 2505013 3 22 500 2.82165 2.81528 5.84651 30.4496 39.6296
../functions/mat_mat2.hpp 10010026 5000000 2505013 3 10010026 5000000 2505013 3 10010026 5000000 2505013 3 10010026 5000000 2505013 3 10010026 5000000 2505013 3 24 500 2.83755 2.79154 5.80412 39.6042 39.6725
../functions/mat_mat2.hpp 10010026 5000000 2505013 3 10010026 5000000 2505013 3 10010026 5000000 2505013 3 10010026 5000000 2505013 3 10010026 5000000 2505013 3 26 500 2.41461 2.34438 5.94474 30.1253 37.9277
../functions/mat_mat2.hpp 10010026 5000000 2505013 3 10010026 5000000 2505013 3 10010026 5000000 2505013 3 10010026 5000000 2505013 3 10010026 5000000 2505013 3 28 500 2.39166 2.3597 5.83434 39.2662 39.1431
../functions/mat_mat2.hpp 10010026 5000000 2505013 3 10010026 5000000 2505013 3 10010026 5000000 2505013 3 10010026 5000000 2505013 3 10010026 5000000 2505013 3 30 500 2.38445 2.32306 5.8207 38.7579 30.2668
../functions/mat_mat2.hpp 10010026 5000000 2505013 3 10010026 5000000 2505013 3 10010026 5000000 2505013 3 10010026 5000000 2505013 3 10010026 5000000 2505013 3 32 500 1.97682 2.3261 5.835 38.7997 38.5376
../functions/mat_mat3.hpp 40204 20000 10102 2 40204 20000 10102 2 40204 20000 10102 2 40204 20000 10102 2 40204 20000 10102 2 1 100 0.0413083 0.0331409 0.02874 0.0259881 0.0234815
../functions/mat_mat3.hpp 40204 20000 10102 2 40204 20000 10102 2 40204 20000 10102 2 40204 20000 10102 2 40204 20000 10102 2 2 100 0.0228932 0.0201473 0.0183369 0.0307661 0.0271801
../functions/mat_mat3.hpp 40204 20000 10102 2 40204 20000 10102 2 40204 20000 10102 2 40204 20000 10102 2 40204 20000 10102 2 4 100 0.013444 0.0115806 0.0114431 0.0334737 0.0289339
../functions/mat_mat3.hpp 40204 20000 10102 2 40204 20000 10102 2 40204 20000 10102 2 40204 20000 10102 2 40204 20000 10102 2 6 100 0.00785023 0.00671887 0.00820887 0.0360155 0.0313388
../functions/mat_mat3.hpp 40204 20000 10102 2 40204 20000 10102 2 40204 20000 10102 2 40204 20000 10102 2 40204 20000 10102 2 8 100 0.00836252 0.00700836 0.00828639 0.0363817 0.0307889
../functions/mat_mat3.hpp 40204 20000 10102 2 40204 20000 10102 2 40204 20000 10102 2 40204 20000 10102 2 40204 20000 10102 2 10 100 0.00592017 0.00549134 0.00451224 0.0370701 0.0310856
../functions/mat_mat3.hpp 40204 20000 10102 2 40204 20000 10102 2 40204 20000 10102 2 40204 20000 10102 2 40204 20000 10102 2 12 100 0.00559401 0.0044294 0.00446733 0.0374371 0.0229943
../functions/mat_mat3.hpp 40204 20000 10102 2 40204 20000 10102 2 40204 20000 10102 2 40204 20000 10102 2 40204 20000 10102 2 14 100 0.00543652 0.004224 0.00455903 0.0394871 0.0328846
../functions/mat_mat3.hpp 40204 20000 10102 2 40204 20000 10102 2 40204 20000 10102 2 40204 20000 10102 2 40204 20000 10102 2 16 100 0.00533797 0.00409703 0.00459388 0.0374722 0.031345
../functions/mat_mat3.hpp 40204 20000 10102 2 40204 20000 10102 2 40204 20000 10102 2 40204 20000 10102 2 40204 20000 10102 2 18 100 0.0058909 0.0042673 0.00531108 0.0524188 0.0292217
../functions/mat_mat3.hpp 40204 20000 10102 2 40204 20000 10102 2 40204 20000 10102 2 40204 20000 10102 2 40204 20000 10102 2 20 100 0.00544874 0.00401902 0.00884247 0.0348012 0.0444248
../functions/mat_mat3.hpp 40204 20000 10102 2 40204 20000 10102 2 40204 20000 10102 2 40204 20000 10102 2 40204 20000 10102 2 22 100 0.00620295 0.00404318 0.00870034 0.0218353 0.0217819
../functions/mat_mat3.hpp 40204 20000 10102 2 40204 20000 10102 2 40204 20000 10102 2 40204 20000 10102 2 40204 20000 10102 2 24 100 0.00521219 0.00422686 0.00855088 0.0336068 0.0435127
../functions/mat_mat3.hpp 40204 20000 10102 2 40204 20000 10102 2 40204 20000 10102 2 40204 20000 10102 2 40204 20000 10102 2 26 100 0.00575311 0.00406155 0.00812107 0.0369294 0.0411107
../functions/mat_mat3.hpp 40204 20000 10102 2 40204 20000 10102 2 40204 20000 10102 2 40204 20000 10102 2 40204 20000 10102 2 28 100 0.00687064 0.00421325 0.00876697 0.0513674 0.0433323
../functions/mat_mat3.hpp 40204 20000 10102 2 40204 20000 10102 2 40204 20000 10102 2 40204 20000 10102 2 40204 20000 10102 2 30 100 0.00663485 0.00402768 0.00871626 0.0511614 0.0351293
../functions/mat_mat3.hpp 40204 20000 10102 2 40204 20000 10102 2 40204 20000 10102 2 40204 20000 10102 2 40204 20000 10102 2 32 100 0.00664833 0.00396021 0.00708561 0.0524086 0.0416898
../functions/mat_mat4.hpp 4020206 2000000 1010103 3 4020206 2000000 1010103 3 4020206 2000000 1010103 3 4020206 2000000 1010103 3 4020206 2000000 1010103 3 1 100 0.0417818 0.0347405 0.0297566 0.0262941 0.0239008
../functions/mat_mat4.hpp 4020206 2000000 1010103 3 4020206 2000000 1010103 3 4020206 2000000 1010103 3 4020206 2000000 1010103 3 4020206 2000000 1010103 3 2 100 0.0215492 0.0194553 0.0175436 0.029865 0.0265394
../functions/mat_mat4.hpp 6020206 4000000 2010103 3 6020206 4000000 2010103 3 6020206 4000000 2010103 3 6020206 4000000 2010103 3 6020206 4000000 2010103 3 4 100 0.0110803 0.00906721 0.00980579 0.0323015 0.0303865
../functions/mat_mat4.hpp 6020206 4000000 2010103 3 6020206 4000000 2010103 3 6020206 4000000 2010103 3 6020206 4000000 2010103 3 6020206 4000000 2010103 3 6 100 0.00928735 0.00718318 0.00826795 0.0351263 0.0299234
../functions/mat_mat4.hpp 6020206 4000000 2010103 3 6020206 4000000 2010103 3 6020206 4000000 2010103 3 6020206 4000000 2010103 3 6020206 4000000 2010103 3 8 100 0.00659386 0.00574773 0.00477742 0.0232093 0.0334121
../functions/mat_mat4.hpp 6020206 4000000 2010103 3 6020206 4000000 2010103 3 6020206 4000000 2010103 3 6020206 4000000 2010103 3 6020206 4000000 2010103 3 10 100 0.00664673 0.00564855 0.0044586 0.0377383 0.0318522
../functions/mat_mat4.hpp 6020206 4000000 2010103 3 6020206 4000000 2010103 3 6020206 4000000 2010103 3 6020206 4000000 2010103 3 6020206 4000000 2010103 3 12 100 0.0054764 0.00424572 0.00453242 0.0385421 0.0326155
../functions/mat_mat4.hpp 6020206 4000000 2010103 3 6020206 4000000 2010103 3 6020206 4000000 2010103 3 6020206 4000000 2010103 3 6020206 4000000 2010103 3 14 100 0.00573404 0.00418426 0.00452439 0.0416241 0.0329756
../functions/mat_mat4.hpp 6020206 4000000 2010103 3 6020206 4000000 2010103 3 6020206 4000000 2010103 3 6020206 4000000 2010103 3 6020206 4000000 2010103 3 16 100 0.00553087 0.00367686 0.00472085 0.0396344 0.0316701
../functions/mat_mat4.hpp 6020206 4000000 2010103 3 6020206 4000000 2010103 3 6020206 4000000 2010103 3 6020206 4000000 2010103 3 6020206 4000000 2010103 3 18 100 0.00476625 0.00404158 0.00472246 0.0391525 0.0314684
../functions/mat_mat4.hpp 6020206 4000000 2010103 3 6020206 4000000 2010103 3 6020206 4000000 2010103 3 6020206 4000000 2010103 3 6020206 4000000 2010103 3 20 100 0.00727914 0.00397229 0.00678941 0.0341102 0.0340188
../functions/mat_mat4.hpp 6020206 4000000 2010103 3 6020206 4000000 2010103 3 6020206 4000000 2010103 3 6020206 4000000 2010103 3 6020206 4000000 2010103 3 22 100 0.00529676 0.00410339 0.00857225 0.036556 0.0309419
../functions/mat_mat4.hpp 6020206 4000000 2010103 3 6020206 4000000 2010103 3 6020206 4000000 2010103 3 6020206 4000000 2010103 3 6020206 4000000 2010103 3 24 100 0.00511008 0.00429384 0.00859767 0.0533741 0.0409752
../functions/mat_mat4.hpp 6020206 4000000 2010103 3 6020206 4000000 2010103 3 6020206 4000000 2010103 3 6020206 4000000 2010103 3 6020206 4000000 2010103 3 26 100 0.00564457 0.00388604 0.00688558 0.0521904 0.0418398
../functions/mat_mat4.hpp 6020206 4000000 2010103 3 6020206 4000000 2010103 3 6020206 4000000 2010103 3 6020206 4000000 2010103 3 6020206 4000000 2010103 3 28 100 0.00608374 0.00399569 0.0094725 0.0509809 0.0336087
../functions/mat_mat4.hpp 6020206 4000000 2010103 3 6020206 4000000 2010103 3 6020206 4000000 2010103 3 6020206 4000000 2010103 3 6020206 4000000 2010103 3 30 100 0.00670805 0.00380852 0.00867911 0.0321991 0.044652
../functions/mat_mat4.hpp 6020206 4000000 2010103 3 6020206 4000000 2010103 3 6020206 4000000 2010103 3 6020206 4000000 2010103 3 6020206 4000000 2010103 3 32 100 0.00631428 0.00400212 0.00877493 0.0515536 0.0411009
../functions/mat_mat5.hpp 4004004 2002000 1002002 2 4004004 2002000 1002002 2 4004004 2002000 1002002 2 4004004 2002000 1002002 2 4004004 2002000 1002002 2 1 1000 26.3164 26.13 26.2125 25.9252 26.2921
../functions/mat_mat5.hpp 4004004 2002000 1002002 2 4004004 2002000 1002002 2 4004004 2002000 1002002 2 4004004 2002000 1002002 2 4004004 2002000 1002002 2 2 1000 15.2315 15.0265 15.1431 26.9878 26.1546
../functions/mat_mat5.hpp 4004004 2002000 1002002 2 4004004 2002000 1002002 2 4004004 2002000 1002002 2 4004004 2002000 1002002 2 4004004 2002000 1002002 2 4 1000 8.26058 8.17854 9.58796 26.8838 27.046
../functions/mat_mat5.hpp 4004004 2002000 1002002 2 4004004 2002000 1002002 2 4004004 2002000 1002002 2 4004004 2002000 1002002 2 4004004 2002000 1002002 2 6 1000 5.95587 5.85404 6.89935 28.9005 28.9842
../functions/mat_mat5.hpp 4004004 2002000 1002002 2 4004004 2002000 1002002 2 4004004 2002000 1002002 2 4004004 2002000 1002002 2 4004004 2002000 1002002 2 8 1000 4.75183 4.66053 7.03924 29.7684 29.2453
../functions/mat_mat5.hpp 4004004 2002000 1002002 2 4004004 2002000 1002002 2 4004004 2002000 1002002 2 4004004 2002000 1002002 2 4004004 2002000 1002002 2 10 1000 3.98254 3.55442 3.57179 29.9216 29.0834
../functions/mat_mat5.hpp 4004004 2002000 1002002 2 4004004 2002000 1002002 2 4004004 2002000 1002002 2 4004004 2002000 1002002 2 4004004 2002000 1002002 2 12 1000 3.84757 3.47864 3.53949 29.6806 28.4478
../functions/mat_mat5.hpp 4004004 2002000 1002002 2 4004004 2002000 1002002 2 4004004 2002000 1002002 2 4004004 2002000 1002002 2 4004004 2002000 1002002 2 14 1000 3.23092 3.34833 4.91816 30.3266 29.4387
../functions/mat_mat5.hpp 4004004 2002000 1002002 2 4004004 2002000 1002002 2 4004004 2002000 1002002 2 4004004 2002000 1002002 2 4004004 2002000 1002002 2 16 1000 2.77863 2.83792 3.9684 30.0327 29.1512
../functions/mat_mat5.hpp 4004004 2002000 1002002 2 4004004 2002000 1002002 2 4004004 2002000 1002002 2 4004004 2002000 1002002 2 4004004 2002000 1002002 2 18 1000 2.65664 2.61716 5.98552 30.7902 30.7056
../functions/mat_mat5.hpp 4004004 2002000 1002002 2 4004004 2002000 1002002 2 4004004 2002000 1002002 2 4004004 2002000 1002002 2 4004004 2002000 1002002 2 20 1000 2.48724 3.08236 5.96537 31.0241 39.8139
../functions/mat_mat5.hpp 4004004 2002000 1002002 2 4004004 2002000 1002002 2 4004004 2002000 1002002 2 4004004 2002000 1002002 2 4004004 2002000 1002002 2 22 1000 2.98059 2.91206 5.84686 38.5382 38.6293
../functions/mat_mat5.hpp 4004004 2002000 1002002 2 4004004 2002000 1002002 2 4004004 2002000 1002002 2 4004004 2002000 1002002 2 4004004 2002000 1002002 2 24 1000 3.11877 3.05131 5.38776 38.8068 32.3587
../functions/mat_mat5.hpp 4004004 2002000 1002002 2 4004004 2002000 1002002 2 4004004 2002000 1002002 2 4004004 2002000 1002002 2 4004004 2002000 1002002 2 26 1000 2.88586 2.81943 6.04569 29.3848 37.0454
../functions/mat_mat5.hpp 4004004 2002000 1002002 2 4004004 2002000 1002002 2 4004004 2002000 1002002 2 4004004 2002000 1002002 2 4004004 2002000 1002002 2 28 1000 2.63276 2.8102 6.11748 37.8052 24.4421
../functions/mat_mat5.hpp 4004004 2002000 1002002 2 4004004 2002000 1002002 2 4004004 2002000 1002002 2 4004004 2002000 1002002 2 4004004 2002000 1002002 2 30 1000 2.65681 2.94281 6.06711 33.1222 32.8686
../functions/mat_mat5.hpp 4004004 2002000 1002002 2 4004004 2002000 1002002 2 4004004 2002000 1002002 2 4004004 2002000 1002002 2 4004004 2002000 1002002 2 32 1000 2.57084 3.06556 6.21791 34.2013 33.2135
../functions/mat_mat6.hpp 1001006 500000 250503 2 1001006 500000 250503 2 1001006 500000 250503 2 1001006 500000 250503 2 1001006 500000 250503 2 1 500 1.66408 1.42894 1.43212 1.44003 1.42067
../functions/mat_mat6.hpp 1001006 500000 250503 2 1001006 500000 250503 2 1001006 500000 250503 2 1001006 500000 250503 2 1001006 500000 250503 2 2 500 0.898946 0.769661 0.77428 1.4186 1.42082
../functions/mat_mat6.hpp 1001006 500000 250503 2 1001006 500000 250503 2 1001006 500000 250503 2 1001006 500000 250503 2 1001006 500000 250503 2 4 500 0.529889 0.447663 0.482789 1.56548 1.62927
../functions/mat_mat6.hpp 1001006 500000 250503 2 1001006 500000 250503 2 1001006 500000 250503 2 1001006 500000 250503 2 1001006 500000 250503 2 6 500 0.333375 0.308433 0.342706 1.62634 1.63323
../functions/mat_mat6.hpp 1001006 500000 250503 2 1001006 500000 250503 2 1001006 500000 250503 2 1001006 500000 250503 2 1001006 500000 250503 2 8 500 0.256235 0.240939 0.356783 1.6658 1.71832
../functions/mat_mat6.hpp 1001006 500000 250503 2 1001006 500000 250503 2 1001006 500000 250503 2 1001006 500000 250503 2 1001006 500000 250503 2 10 500 0.234136 0.219603 0.196654 1.69958 1.68567
../functions/mat_mat6.hpp 1001006 500000 250503 2 1001006 500000 250503 2 1001006 500000 250503 2 1001006 500000 250503 2 1001006 500000 250503 2 12 500 0.197085 0.187306 0.20277 1.72923 1.69137
../functions/mat_mat6.hpp 1001006 500000 250503 2 1001006 500000 250503 2 1001006 500000 250503 2 1001006 500000 250503 2 1001006 500000 250503 2 14 500 0.165799 0.148847 0.184656 1.71241 1.69764
../functions/mat_mat6.hpp 1001006 500000 250503 2 1001006 500000 250503 2 1001006 500000 250503 2 1001006 500000 250503 2 1001006 500000 250503 2 16 500 0.162485 0.149295 0.182822 1.73257 1.7199
../functions/mat_mat6.hpp 1001006 500000 250503 2 1001006 500000 250503 2 1001006 500000 250503 2 1001006 500000 250503 2 1001006 500000 250503 2 18 500 0.177874 0.144429 0.344652 1.73366 1.71464
../functions/mat_mat6.hpp 1001006 500000 250503 2 1001006 500000 250503 2 1001006 500000 250503 2 1001006 500000 250503 2 1001006 500000 250503 2 20 500 0.170636 0.141176 0.347036 1.73557 1.71268
../functions/mat_mat6.hpp 1001006 500000 250503 2 1001006 500000 250503 2 1001006 500000 250503 2 1001006 500000 250503 2 1001006 500000 250503 2 22 500 0.186214 0.161368 0.306274 1.91847 2.77691
../functions/mat_mat6.hpp 1001006 500000 250503 2 1001006 500000 250503 2 1001006 500000 250503 2 1001006 500000 250503 2 1001006 500000 250503 2 24 500 0.177706 0.182534 0.361152 2.78631 2.7511
../functions/mat_mat6.hpp 1001006 500000 250503 2 1001006 500000 250503 2 1001006 500000 250503 2 1001006 500000 250503 2 1001006 500000 250503 2 26 500 0.404147 0.169245 0.353959 1.7248 1.70191
../functions/mat_mat6.hpp 1001006 500000 250503 2 1001006 500000 250503 2 1001006 500000 250503 2 1001006 500000 250503 2 1001006 500000 250503 2 28 500 0.155596 0.166282 0.344149 2.75404 2.7721
../functions/mat_mat6.hpp 1001006 500000 250503 2 1001006 500000 250503 2 1001006 500000 250503 2 1001006 500000 250503 2 1001006 500000 250503 2 30 500 0.160081 0.145459 0.345584 2.80943 2.76466
../functions/mat_mat6.hpp 1001006 500000 250503 2 1001006 500000 250503 2 1001006 500000 250503 2 1001006 500000 250503 2 1001006 500000 250503 2 32 500 0.184986 0.148541 0.348347 2.8002 2.76142
../functions/mat_mat.hpp 4002004 2000000 1001002 2 4002004 2000000 1001002 2 4002004 2000000 1001002 2 4002004 2000000 1001002 2 4002004 2000000 1001002 2 1 1000 27.483 25.2027 25.2616 25.751 25.5117
../functions/mat_mat.hpp 4002004 2000000 1001002 2 4002004 2000000 1001002 2 4002004 2000000 1001002 2 4002004 2000000 1001002 2 4002004 2000000 1001002 2 2 1000 14.7477 15.0803 15.1419 27.4169 25.4516
../functions/mat_mat.hpp 4002004 2000000 1001002 2 4002004 2000000 1001002 2 4002004 2000000 1001002 2 4002004 2000000 1001002 2 4002004 2000000 1001002 2 4 1000 8.34664 8.28613 9.59756 30.1855 30.1621
../functions/mat_mat.hpp 4002004 2000000 1001002 2 4002004 2000000 1001002 2 4002004 2000000 1001002 2 4002004 2000000 1001002 2 4002004 2000000 1001002 2 6 1000 6.01702 5.84527 6.91393 31.0375 30.8653
../functions/mat_mat.hpp 4002004 2000000 1001002 2 4002004 2000000 1001002 2 4002004 2000000 1001002 2 4002004 2000000 1001002 2 4002004 2000000 1001002 2 8 1000 4.58362 4.63706 7.02903 30.8262 30.457
../functions/mat_mat.hpp 4002004 2000000 1001002 2 4002004 2000000 1001002 2 4002004 2000000 1001002 2 4002004 2000000 1001002 2 4002004 2000000 1001002 2 10 1000 4.07145 4.38572 4.01234 30.6732 29.1413
../functions/mat_mat.hpp 4002004 2000000 1001002 2 4002004 2000000 1001002 2 4002004 2000000 1001002 2 4002004 2000000 1001002 2 4002004 2000000 1001002 2 12 1000 3.17633 3.35122 3.85731 30.1851 33.7405
../functions/mat_mat.hpp 4002004 2000000 1001002 2 4002004 2000000 1001002 2 4002004 2000000 1001002 2 4002004 2000000 1001002 2 4002004 2000000 1001002 2 14 1000 3.26634 3.21853 4.05023 30.7606 46.2749
../functions/mat_mat.hpp 4002004 2000000 1001002 2 4002004 2000000 1001002 2 4002004 2000000 1001002 2 4002004 2000000 1001002 2 4002004 2000000 1001002 2 16 1000 2.59405 3.34898 3.90029 32.8644 31.1708
../functions/mat_mat.hpp 4002004 2000000 1001002 2 4002004 2000000 1001002 2 4002004 2000000 1001002 2 4002004 2000000 1001002 2 4002004 2000000 1001002 2 18 1000 2.74164 2.62579 6.01172 32.7639 32.124
../functions/mat_mat.hpp 4002004 2000000 1001002 2 4002004 2000000 1001002 2 4002004 2000000 1001002 2 4002004 2000000 1001002 2 4002004 2000000 1001002 2 20 1000 2.47522 2.49197 5.09244 30.1471 38.9761
../functions/mat_mat.hpp 4002004 2000000 1001002 2 4002004 2000000 1001002 2 4002004 2000000 1001002 2 4002004 2000000 1001002 2 4002004 2000000 1001002 2 22 1000 3.05448 2.50572 5.84606 39.7297 38.7467
../functions/mat_mat.hpp 4002004 2000000 1001002 2 4002004 2000000 1001002 2 4002004 2000000 1001002 2 4002004 2000000 1001002 2 4002004 2000000 1001002 2 24 1000 3.08646 2.98872 6.08641 34.7027 32.7504
../functions/mat_mat.hpp 4002004 2000000 1001002 2 4002004 2000000 1001002 2 4002004 2000000 1001002 2 4002004 2000000 1001002 2 4002004 2000000 1001002 2 26 1000 2.8872 2.85936 5.66081 39.6901 35.6052
../functions/mat_mat.hpp 4002004 2000000 1001002 2 4002004 2000000 1001002 2 4002004 2000000 1001002 2 4002004 2000000 1001002 2 4002004 2000000 1001002 2 28 1000 2.65652 2.91191 6.20814 42.0285 41.9579
../functions/mat_mat.hpp 4002004 2000000 1001002 2 4002004 2000000 1001002 2 4002004 2000000 1001002 2 4002004 2000000 1001002 2 4002004 2000000 1001002 2 30 1000 2.61822 2.49811 6.00622 41.5701 38.8097
../functions/mat_mat.hpp 4002004 2000000 1001002 2 4002004 2000000 1001002 2 4002004 2000000 1001002 2 4002004 2000000 1001002 2 4002004 2000000 1001002 2 32 1000 2.98405 2.73218 6.05697 42.0197 42.7347
../functions/mat_vect2.hpp 4002004 2000000 1001002 2 4002004 2000000 1001002 2 4002004 2000000 1001002 2 4002004 2000000 1001002 2 4002004 2000000 1001002 2 1 1000 11.4047 11.1995 11.1989 11.1356 11.1295
../functions/mat_vect2.hpp 4002004 2000000 1001002 2 4002004 2000000 1001002 2 4002004 2000000 1001002 2 4002004 2000000 1001002 2 4002004 2000000 1001002 2 2 1000 6.03135 5.77721 5.70661 11.4045 11.8628
../functions/mat_vect2.hpp 4002004 2000000 1001002 2 4002004 2000000 1001002 2 4002004 2000000 1001002 2 4002004 2000000 1001002 2 4002004 2000000 1001002 2 4 1000 3.52302 3.24846 3.76028 12.0973 12.328
../functions/mat_vect2.hpp 4002004 2000000 1001002 2 4002004 2000000 1001002 2 4002004 2000000 1001002 2 4002004 2000000 1001002 2 4002004 2000000 1001002 2 6 1000 2.40684 2.31965 2.73454 12.7654 12.6122
../functions/mat_vect2.hpp 4002004 2000000 1001002 2 4002004 2000000 1001002 2 4002004 2000000 1001002 2 4002004 2000000 1001002 2 4002004 2000000 1001002 2 8 1000 1.83424 1.76096 2.74083 12.9645 13.0018
../functions/mat_vect2.hpp 4002004 2000000 1001002 2 4002004 2000000 1001002 2 4002004 2000000 1001002 2 4002004 2000000 1001002 2 4002004 2000000 1001002 2 10 1000 1.66192 1.54719 1.96522 13.3394 13.6112
../functions/mat_vect2.hpp 4002004 2000000 1001002 2 4002004 2000000 1001002 2 4002004 2000000 1001002 2 4002004 2000000 1001002 2 4002004 2000000 1001002 2 12 1000 1.2359 1.33718 1.37815 13.3794 12.4586
../functions/mat_vect2.hpp 4002004 2000000 1001002 2 4002004 2000000 1001002 2 4002004 2000000 1001002 2 4002004 2000000 1001002 2 4002004 2000000 1001002 2 14 1000 1.35381 1.12012 1.37631 13.4226 13.5725
../functions/mat_vect2.hpp 4002004 2000000 1001002 2 4002004 2000000 1001002 2 4002004 2000000 1001002 2 4002004 2000000 1001002 2 4002004 2000000 1001002 2 16 1000 1.02823 1.10138 1.3895 13.5363 13.5474
../functions/mat_vect2.hpp 4002004 2000000 1001002 2 4002004 2000000 1001002 2 4002004 2000000 1001002 2 4002004 2000000 1001002 2 4002004 2000000 1001002 2 18 1000 1.23651 1.17384 2.75438 13.395 13.5751
../functions/mat_vect2.hpp 4002004 2000000 1001002 2 4002004 2000000 1001002 2 4002004 2000000 1001002 2 4002004 2000000 1001002 2 4002004 2000000 1001002 2 20 1000 1.20752 1.13566 1.92579 17.2353 17.3824
../functions/mat_vect2.hpp 4002004 2000000 1001002 2 4002004 2000000 1001002 2 4002004 2000000 1001002 2 4002004 2000000 1001002 2 4002004 2000000 1001002 2 22 1000 1.15079 1.23113 1.98619 13.3583 17.3283
../functions/mat_vect2.hpp 4002004 2000000 1001002 2 4002004 2000000 1001002 2 4002004 2000000 1001002 2 4002004 2000000 1001002 2 4002004 2000000 1001002 2 24 1000 1.30066 1.24657 2.79724 13.4202 13.7255
../functions/mat_vect2.hpp 4002004 2000000 1001002 2 4002004 2000000 1001002 2 4002004 2000000 1001002 2 4002004 2000000 1001002 2 4002004 2000000 1001002 2 26 1000 1.25699 1.19875 2.76827 13.462 13.6212
../functions/mat_vect2.hpp 4002004 2000000 1001002 2 4002004 2000000 1001002 2 4002004 2000000 1001002 2 4002004 2000000 1001002 2 4002004 2000000 1001002 2 28 1000 1.17292 1.24186 2.7757 20.1662 17.6784
../functions/mat_vect2.hpp 4002004 2000000 1001002 2 4002004 2000000 1001002 2 4002004 2000000 1001002 2 4002004 2000000 1001002 2 4002004 2000000 1001002 2 30 1000 1.23873 1.11207 2.7729 17.5324 17.3053
../functions/mat_vect2.hpp 4002004 2000000 1001002 2 4002004 2000000 1001002 2 4002004 2000000 1001002 2 4002004 2000000 1001002 2 4002004 2000000 1001002 2 32 1000 1.14811 1.09218 2.84999 17.5043 17.3555
../functions/mat_vect3.hpp 4002004 2000000 1001002 2 4002004 2000000 1001002 2 4002004 2000000 1001002 2 4002004 2000000 1001002 2 4002004 2000000 1001002 2 1 1000 11.4275 11.1924 11.2256 11.3766 11.5531
../functions/mat_vect3.hpp 4002004 2000000 1001002 2 4002004 2000000 1001002 2 4002004 2000000 1001002 2 4002004 2000000 1001002 2 4002004 2000000 1001002 2 2 1000 5.88108 5.78033 5.69694 11.4002 11.6332
../functions/mat_vect3.hpp 4002004 2000000 1001002 2 4002004 2000000 1001002 2 4002004 2000000 1001002 2 4002004 2000000 1001002 2 4002004 2000000 1001002 2 4 1000 3.31237 3.19823 3.73515 11.9964 12.1774
../functions/mat_vect3.hpp 4002004 2000000 1001002 2 4002004 2000000 1001002 2 4002004 2000000 1001002 2 4002004 2000000 1001002 2 4002004 2000000 1001002 2 6 1000 2.36178 2.25125 2.66519 12.5478 12.6828
../functions/mat_vect3.hpp 4002004 2000000 1001002 2 4002004 2000000 1001002 2 4002004 2000000 1001002 2 4002004 2000000 1001002 2 4002004 2000000 1001002 2 8 1000 1.83144 1.76289 2.73386 12.9845 13.0687
../functions/mat_vect3.hpp 4002004 2000000 1001002 2 4002004 2000000 1001002 2 4002004 2000000 1001002 2 4002004 2000000 1001002 2 4002004 2000000 1001002 2 10 1000 1.44464 1.41209 1.37692 11.4357 13.3817
../functions/mat_vect3.hpp 4002004 2000000 1001002 2 4002004 2000000 1001002 2 4002004 2000000 1001002 2 4002004 2000000 1001002 2 4002004 2000000 1001002 2 12 1000 1.34648 1.33324 1.9579 13.3836 13.4302
../functions/mat_vect3.hpp 4002004 2000000 1001002 2 4002004 2000000 1001002 2 4002004 2000000 1001002 2 4002004 2000000 1001002 2 4002004 2000000 1001002 2 14 1000 1.16659 1.07085 1.37467 13.4569 13.1324
../functions/mat_vect3.hpp 4002004 2000000 1001002 2 4002004 2000000 1001002 2 4002004 2000000 1001002 2 4002004 2000000 1001002 2 4002004 2000000 1001002 2 16 1000 1.12679 0.955479 1.96694 13.4283 13.775
../functions/mat_vect3.hpp 4002004 2000000 1001002 2 4002004 2000000 1001002 2 4002004 2000000 1001002 2 4002004 2000000 1001002 2 4002004 2000000 1001002 2 18 1000 1.33673 1.2491 2.76689 13.5245 17.1563
../functions/mat_vect3.hpp 4002004 2000000 1001002 2 4002004 2000000 1001002 2 4002004 2000000 1001002 2 4002004 2000000 1001002 2 4002004 2000000 1001002 2 20 1000 1.20804 1.26688 1.93906 17.3632 17.3154
../functions/mat_vect3.hpp 4002004 2000000 1001002 2 4002004 2000000 1001002 2 4002004 2000000 1001002 2 4002004 2000000 1001002 2 4002004 2000000 1001002 2 22 1000 1.39237 1.2292 2.77639 17.5638 17.4219
../functions/mat_vect3.hpp 4002004 2000000 1001002 2 4002004 2000000 1001002 2 4002004 2000000 1001002 2 4002004 2000000 1001002 2 4002004 2000000 1001002 2 24 1000 1.29356 1.24624 1.9205 13.5097 13.4666
../functions/mat_vect3.hpp 4002004 2000000 1001002 2 4002004 2000000 1001002 2 4002004 2000000 1001002 2 4002004 2000000 1001002 2 4002004 2000000 1001002 2 26 1000 1.21753 1.13459 2.78307 17.4101 17.5664
../functions/mat_vect3.hpp 4002004 2000000 1001002 2 4002004 2000000 1001002 2 4002004 2000000 1001002 2 4002004 2000000 1001002 2 4002004 2000000 1001002 2 28 1000 1.18734 1.12859 2.7763 17.0603 13.7259
../functions/mat_vect3.hpp 4002004 2000000 1001002 2 4002004 2000000 1001002 2 4002004 2000000 1001002 2 4002004 2000000 1001002 2 4002004 2000000 1001002 2 30 1000 1.19707 1.11135 2.78426 17.1182 17.3143
../functions/mat_vect3.hpp 4002004 2000000 1001002 2 4002004 2000000 1001002 2 4002004 2000000 1001002 2 4002004 2000000 1001002 2 4002004 2000000 1001002 2 32 1000 1.00414 1.13834 2.79668 17.3927 17.2418
../functions/mat_vect.hpp 400204 200000 100102 2 400204 200000 100102 2 400204 200000 100102 2 400204 200000 100102 2 400204 200000 100102 2 1 1000 1.39176 1.22147 1.21778 1.27315 1.25236
../functions/mat_vect.hpp 400204 200000 100102 2 400204 200000 100102 2 400204 200000 100102 2 400204 200000 100102 2 400204 200000 100102 2 2 1000 0.761975 0.602001 0.596618 1.20087 1.24864
../functions/mat_vect.hpp 400204 200000 100102 2 400204 200000 100102 2 400204 200000 100102 2 400204 200000 100102 2 400204 200000 100102 2 4 1000 0.40204 0.375566 0.386525 1.31921 1.34454
../functions/mat_vect.hpp 400204 200000 100102 2 400204 200000 100102 2 400204 200000 100102 2 400204 200000 100102 2 400204 200000 100102 2 6 1000 0.270594 0.259373 0.296212 1.3634 1.35993
../functions/mat_vect.hpp 400204 200000 100102 2 400204 200000 100102 2 400204 200000 100102 2 400204 200000 100102 2 400204 200000 100102 2 8 1000 0.207782 0.195747 0.301984 1.41094 1.46534
../functions/mat_vect.hpp 400204 200000 100102 2 400204 200000 100102 2 400204 200000 100102 2 400204 200000 100102 2 400204 200000 100102 2 10 1000 0.188879 0.160586 0.153488 1.43883 1.20949
../functions/mat_vect.hpp 400204 200000 100102 2 400204 200000 100102 2 400204 200000 100102 2 400204 200000 100102 2 400204 200000 100102 2 12 1000 0.143253 0.13307 0.15342 1.45016 1.4312
../functions/mat_vect.hpp 400204 200000 100102 2 400204 200000 100102 2 400204 200000 100102 2 400204 200000 100102 2 400204 200000 100102 2 14 1000 0.130199 0.130299 0.15419 1.4241 1.44734
../functions/mat_vect.hpp 400204 200000 100102 2 400204 200000 100102 2 400204 200000 100102 2 400204 200000 100102 2 400204 200000 100102 2 16 1000 0.111334 0.0986679 0.154388 1.45 1.45427
../functions/mat_vect.hpp 400204 200000 100102 2 400204 200000 100102 2 400204 200000 100102 2 400204 200000 100102 2 400204 200000 100102 2 18 1000 0.137209 0.132535 0.299434 1.44398 1.44651
../functions/mat_vect.hpp 400204 200000 100102 2 400204 200000 100102 2 400204 200000 100102 2 400204 200000 100102 2 400204 200000 100102 2 20 1000 0.126803 0.119813 0.218729 1.91898 1.88852
../functions/mat_vect.hpp 400204 200000 100102 2 400204 200000 100102 2 400204 200000 100102 2 400204 200000 100102 2 400204 200000 100102 2 22 1000 0.12873 0.123723 0.212216 1.44727 1.42613
../functions/mat_vect.hpp 400204 200000 100102 2 400204 200000 100102 2 400204 200000 100102 2 400204 200000 100102 2 400204 200000 100102 2 24 1000 0.145581 0.137979 0.21538 1.51805 1.45291
../functions/mat_vect.hpp 400204 200000 100102 2 400204 200000 100102 2 400204 200000 100102 2 400204 200000 100102 2 400204 200000 100102 2 26 1000 0.127216 0.124767 0.213866 1.4662 1.8853
../functions/mat_vect.hpp 400204 200000 100102 2 400204 200000 100102 2 400204 200000 100102 2 400204 200000 100102 2 400204 200000 100102 2 28 1000 0.125725 0.119052 0.300423 1.47166 1.47037
../functions/mat_vect.hpp 400204 200000 100102 2 400204 200000 100102 2 400204 200000 100102 2 400204 200000 100102 2 400204 200000 100102 2 30 1000 0.121962 0.119828 0.301008 1.93224 1.92444
../functions/mat_vect.hpp 400204 200000 100102 2 400204 200000 100102 2 400204 200000 100102 2 400204 200000 100102 2 400204 200000 100102 2 32 1000 0.104451 0.12283 0.301905 1.94217 1.91507