filename num_threads num_ops num_float_ops num_comp_ops num_lambda_iter deepest_loop_level num_int_var num_float_var num_if_stmts num_if_stmts_in_loop time(1) time(5) time(50) time(500)
../functions/dot_product.hpp 1 402 0 101 0 1 1 0 0 0 0.000286769 0.000146038 9.2819e-05 4.9587e-05 
../functions/dot_product.hpp 2 402 0 101 0 1 1 0 0 0 0.000268679 0.000145131 9.212e-05 2.7238e-05 
../functions/dot_product.hpp 4 402 0 101 0 1 1 0 0 0 0.000280693 0.000302972 0.000179842 3.7574e-05 
../functions/dot_product.hpp 6 402 0 101 0 1 1 0 0 0 0.000306463 0.000458857 0.000174604 3.6177e-05 
../functions/dot_product.hpp 8 402 0 101 0 1 1 0 0 0 0.000263581 0.000492242 0.000160775 3.2476e-05 
../functions/dot_product.hpp 10 402 0 101 0 1 1 0 0 0 0.000240603 0.000616838 0.000219651 5.4686e-05 
../functions/dot_product.hpp 12 402 0 101 0 1 1 0 0 0 0.000261765 0.000655041 0.000239905 4.0089e-05 
../functions/dot_product.hpp 14 402 0 101 0 1 1 0 0 0 0.000279225 0.000915689 0.00023292 4.1277e-05 
../functions/dot_product.hpp 16 402 0 101 0 1 1 0 0 0 0.000267911 0.000951657 0.000248705 6.2298e-05 
../functions/dot_product.hpp 18 402 0 101 0 1 1 0 0 0 0.000349136 0.00164197 0.000243327 5.7061e-05 
../functions/dot_product.hpp 20 402 0 101 0 1 1 0 0 0 0.000360521 0.00152401 0.00018075 4.7702e-05 
../functions/dot_product.hpp 22 402 0 101 0 1 1 0 0 0 0.000347041 0.00116041 0.00018899 4.0577e-05 
../functions/dot_product.hpp 24 402 0 101 0 1 1 0 0 0 0.000241231 0.0013193 0.000177327 3.4222e-05 
../functions/dot_product.hpp 26 402 0 101 0 1 1 0 0 0 0.00023781 0.00219742 0.000201632 3.8552e-05 
../functions/dot_product.hpp 28 402 0 101 0 1 1 0 0 0 0.000251638 0.00109476 0.000183263 3.8063e-05 
../functions/dot_product.hpp 30 402 0 101 0 1 1 0 0 0 0.000261346 0.00109427 0.000215181 5.7828e-05 
../functions/dot_product.hpp 32 402 0 101 0 1 1 0 0 0 0.000235785 0.00128215 0.000152812 3.6667e-05 
../functions/empty.hpp 1 402 0 101 0 1 1 0 0 0 0.000343968 0.000108254 9.5334e-05 8.395e-05 
../functions/empty.hpp 2 402 0 101 0 1 1 0 0 0 0.000372813 0.000106578 0.000109231 0.00010595 
../functions/empty.hpp 4 402 0 101 0 1 1 0 0 0 0.000455923 0.000199327 0.00014506 0.000138565 
../functions/empty.hpp 6 402 0 101 0 1 1 0 0 0 0.000668171 0.000210082 0.000177187 0.00017167 
../functions/empty.hpp 8 402 0 101 0 1 1 0 0 0 0.000599937 0.000239486 0.000247029 0.000234527 
../functions/empty.hpp 10 402 0 101 0 1 1 0 0 0 0.000632902 0.000416883 0.000438254 0.000449009 
../functions/empty.hpp 12 402 0 101 0 1 1 0 0 0 0.00110447 0.000489238 0.000596794 0.000534425 
../functions/empty.hpp 14 402 0 101 0 1 1 0 0 0 0.00302615 0.000591276 0.000617187 0.000599029 
../functions/empty.hpp 16 402 0 101 0 1 1 0 0 0 0.00123319 0.00092861 0.000869315 0.000990279 
../functions/empty.hpp 18 402 0 101 0 1 1 0 0 0 0.00132119 0.00100711 0.000882445 0.000822731 
../functions/empty.hpp 20 402 0 101 0 1 1 0 0 0 0.0015245 0.00104196 0.00112179 0.00103805 
../functions/empty.hpp 22 402 0 101 0 1 1 0 0 0 0.00177488 0.00123507 0.0010391 0.00115371 
../functions/empty.hpp 24 402 0 101 0 1 1 0 0 0 0.00167843 0.00120085 0.00126713 0.00121531 
../functions/empty.hpp 26 402 0 101 0 1 1 0 0 0 0.0019126 0.0013075 0.00123144 0.0012686 
../functions/empty.hpp 28 402 0 101 0 1 1 0 0 0 0.00222249 0.0015217 0.00145703 0.00143126 
../functions/empty.hpp 30 402 0 101 0 1 1 0 0 0 0.0023408 0.00153602 0.00144921 0.00138796 
../functions/empty.hpp 32 402 0 101 0 1 1 0 0 0 0.00245855 0.00167682 0.0015555 0.00145354 
../functions/mat_mat2.hpp 1 402 0 101 0 1 1 0 0 0 0.715536 0.571642 0.515843 0.519263 
../functions/mat_mat2.hpp 2 402 0 101 0 1 1 0 0 0 0.419054 0.383446 0.302301 0.558489 
../functions/mat_mat2.hpp 4 402 0 101 0 1 1 0 0 0 0.325095 0.299792 0.269866 0.581702 
../functions/mat_mat2.hpp 6 402 0 101 0 1 1 0 0 0 0.248148 0.225758 0.237259 0.624891 
../functions/mat_mat2.hpp 8 402 0 101 0 1 1 0 0 0 0.247039 0.264719 0.275383 0.635421 
../functions/mat_mat2.hpp 10 402 0 101 0 1 1 0 0 0 0.361621 0.349037 0.320149 0.5815 
../functions/mat_mat2.hpp 12 402 0 101 0 1 1 0 0 0 0.4131 0.399842 0.398255 0.652589 
../functions/mat_mat2.hpp 14 402 0 101 0 1 1 0 0 0 0.41581 0.413296 0.396656 0.648964 
../functions/mat_mat2.hpp 16 402 0 101 0 1 1 0 0 0 0.437688 0.416311 0.376739 0.662801 
../functions/mat_mat2.hpp 18 402 0 101 0 1 1 0 0 0 0.462823 0.436291 0.334771 0.657641 
../functions/mat_mat2.hpp 20 402 0 101 0 1 1 0 0 0 0.471336 0.426976 0.32868 0.657153 
../functions/mat_mat2.hpp 22 402 0 101 0 1 1 0 0 0 0.459176 0.409763 0.357265 0.873512 
../functions/mat_mat2.hpp 24 402 0 101 0 1 1 0 0 0 0.475211 0.417486 0.383114 0.872157 
../functions/mat_mat2.hpp 26 402 0 101 0 1 1 0 0 0 0.454227 0.42146 0.387194 0.666218 
../functions/mat_mat2.hpp 28 402 0 101 0 1 1 0 0 0 0.440153 0.438062 0.414385 0.87063 
../functions/mat_mat2.hpp 30 402 0 101 0 1 1 0 0 0 0.453264 0.438428 0.401806 0.880769 
../functions/mat_mat2.hpp 32 402 0 101 0 1 1 0 0 0 0.436298 0.428204 0.356013 1.34525 
../functions/mat_mat3.hpp 1 402 0 101 0 1 1 0 0 0 0.0104291 0.00901071 0.00874392 0.00840428 
../functions/mat_mat3.hpp 2 402 0 101 0 1 1 0 0 0 0.00863755 0.00803154 0.00745067 0.00926116 
../functions/mat_mat3.hpp 4 402 0 101 0 1 1 0 0 0 0.00835609 0.00773402 0.0063286 0.00872576 
../functions/mat_mat3.hpp 6 402 0 101 0 1 1 0 0 0 0.00889799 0.00799403 0.00679528 0.00871207 
../functions/mat_mat3.hpp 8 402 0 101 0 1 1 0 0 0 0.00998248 0.00883506 0.00628488 0.00885595 
../functions/mat_mat3.hpp 10 402 0 101 0 1 1 0 0 0 0.016057 0.0145571 0.0105126 0.00868399 
../functions/mat_mat3.hpp 12 402 0 101 0 1 1 0 0 0 0.0168961 0.0654029 0.00564492 0.00737356 
../functions/mat_mat3.hpp 14 402 0 101 0 1 1 0 0 0 0.0205745 0.0185498 0.00562194 0.00836615 
../functions/mat_mat3.hpp 16 402 0 101 0 1 1 0 0 0 0.0195166 0.016207 0.0100158 0.00899381 
../functions/mat_mat3.hpp 18 402 0 101 0 1 1 0 0 0 0.0203279 0.0174336 0.00756325 0.00930083 
../functions/mat_mat3.hpp 20 402 0 101 0 1 1 0 0 0 0.0173806 0.0156001 0.00702813 0.00913978 
../functions/mat_mat3.hpp 22 402 0 101 0 1 1 0 0 0 0.0169533 0.0145854 0.00775057 0.00886614 
../functions/mat_mat3.hpp 24 402 0 101 0 1 1 0 0 0 0.017021 0.015096 0.00780777 0.0109359 
../functions/mat_mat3.hpp 26 402 0 101 0 1 1 0 0 0 0.0192193 0.016199 0.00779282 0.0115064 
../functions/mat_mat3.hpp 28 402 0 101 0 1 1 0 0 0 0.0233901 0.0164312 0.00829945 0.0119491 
../functions/mat_mat3.hpp 30 402 0 101 0 1 1 0 0 0 0.016182 0.0177588 0.0179472 0.0131029 
../functions/mat_mat3.hpp 32 402 0 101 0 1 1 0 0 0 0.0358678 0.0140329 0.00497933 0.0101998 
../functions/mat_mat4.hpp 1 402 0 101 0 1 1 0 0 0 0.0143166 0.0124964 0.012422 0.0120334 
../functions/mat_mat4.hpp 2 402 0 101 0 1 1 0 0 0 0.00767234 0.00692881 0.00769763 0.00711543 
../functions/mat_mat4.hpp 4 402 0 101 0 1 1 0 0 0 0.00923875 0.00858789 0.00988038 0.0122912 
../functions/mat_mat4.hpp 6 402 0 101 0 1 1 0 0 0 0.00984413 0.00914942 0.00812296 0.0119287 
../functions/mat_mat4.hpp 8 402 0 101 0 1 1 0 0 0 0.00954765 0.00861897 0.00833835 0.00729995 
../functions/mat_mat4.hpp 10 402 0 101 0 1 1 0 0 0 0.0162845 0.0137245 0.0130116 0.0100977 
../functions/mat_mat4.hpp 12 402 0 101 0 1 1 0 0 0 0.0173881 0.0138502 0.0100458 0.0111909 
../functions/mat_mat4.hpp 14 402 0 101 0 1 1 0 0 0 0.0197934 0.0171797 0.00795339 0.0102666 
../functions/mat_mat4.hpp 16 402 0 101 0 1 1 0 0 0 0.0209484 0.0178123 0.0103563 0.0110632 
../functions/mat_mat4.hpp 18 402 0 101 0 1 1 0 0 0 0.0208412 0.0171321 0.00828255 0.0109862 
../functions/mat_mat4.hpp 20 402 0 101 0 1 1 0 0 0 0.0230235 0.0190324 0.00673396 0.0103486 
../functions/mat_mat4.hpp 22 402 0 101 0 1 1 0 0 0 0.0179328 0.0155798 0.0111338 0.00803761 
../functions/mat_mat4.hpp 24 402 0 101 0 1 1 0 0 0 0.020849 0.0160528 0.00752742 0.0121587 
../functions/mat_mat4.hpp 26 402 0 101 0 1 1 0 0 0 0.0226706 0.0180297 0.00786385 0.0135803 
../functions/mat_mat4.hpp 28 402 0 101 0 1 1 0 0 0 0.0225298 0.0154027 0.00935531 0.0126757 
../functions/mat_mat4.hpp 30 402 0 101 0 1 1 0 0 0 0.0208266 0.0166808 0.00739312 0.0147376 
../functions/mat_mat4.hpp 32 402 0 101 0 1 1 0 0 0 0.0207781 0.0162205 0.00871158 0.0123602 
../functions/mat_mat5.hpp 1 402 0 101 0 1 1 0 0 0 12.6692 11.8505 11.4449 11.4493 
../functions/mat_mat5.hpp 2 402 0 101 0 1 1 0 0 0 6.52432 6.48722 6.46635 6.59923 
../functions/mat_mat5.hpp 4 402 0 101 0 1 1 0 0 0 4.01349 3.99029 4.06705 6.96672 
../functions/mat_mat5.hpp 6 402 0 101 0 1 1 0 0 0 3.02663 2.96155 3.41215 6.97742 
../functions/mat_mat5.hpp 8 402 0 101 0 1 1 0 0 0 2.40051 2.39702 2.61661 7.01579 
../functions/mat_mat5.hpp 10 402 0 101 0 1 1 0 0 0 2.49171 2.14702 2.74681 6.9961 
../functions/mat_mat5.hpp 12 402 0 101 0 1 1 0 0 0 2.2741 2.42349 2.45996 7.02167 
../functions/mat_mat5.hpp 14 402 0 101 0 1 1 0 0 0 2.25777 2.34253 2.47406 7.31896 
../functions/mat_mat5.hpp 16 402 0 101 0 1 1 0 0 0 2.36644 2.18555 2.55226 7.32266 
../functions/mat_mat5.hpp 18 402 0 101 0 1 1 0 0 0 2.41032 2.32157 2.56559 7.13713 
../functions/mat_mat5.hpp 20 402 0 101 0 1 1 0 0 0 2.27167 2.28489 2.27617 7.2386 
../functions/mat_mat5.hpp 22 402 0 101 0 1 1 0 0 0 2.50105 2.24376 2.3072 7.35244 
../functions/mat_mat5.hpp 24 402 0 101 0 1 1 0 0 0 2.38227 2.25823 2.21981 7.49406 
../functions/mat_mat5.hpp 26 402 0 101 0 1 1 0 0 0 2.3672 2.302 2.21963 7.62443 
../functions/mat_mat5.hpp 28 402 0 101 0 1 1 0 0 0 2.46623 2.34869 2.16356 7.70627 
../functions/mat_mat5.hpp 30 402 0 101 0 1 1 0 0 0 2.38716 2.44307 2.18145 7.62801 
../functions/mat_mat5.hpp 32 402 0 101 0 1 1 0 0 0 2.42154 2.32433 2.17757 7.85109 
../functions/mat_mat6.hpp 1 402 0 101 0 1 1 0 0 0 0.526533 0.450782 0.369008 0.371605 
../functions/mat_mat6.hpp 2 402 0 101 0 1 1 0 0 0 0.326097 0.304506 0.260353 0.391053 
../functions/mat_mat6.hpp 4 402 0 101 0 1 1 0 0 0 0.245708 0.23851 0.239015 0.416209 
../functions/mat_mat6.hpp 6 402 0 101 0 1 1 0 0 0 0.244555 0.234015 0.240892 0.446395 
../functions/mat_mat6.hpp 8 402 0 101 0 1 1 0 0 0 0.222863 0.208829 0.220506 0.458491 
../functions/mat_mat6.hpp 10 402 0 101 0 1 1 0 0 0 0.393051 0.35145 0.315953 0.419025 
../functions/mat_mat6.hpp 12 402 0 101 0 1 1 0 0 0 0.415993 0.409408 0.364637 0.474211 
../functions/mat_mat6.hpp 14 402 0 101 0 1 1 0 0 0 0.46597 0.436292 0.381606 0.460025 
../functions/mat_mat6.hpp 16 402 0 101 0 1 1 0 0 0 0.471548 0.42473 0.385145 0.470094 
../functions/mat_mat6.hpp 18 402 0 101 0 1 1 0 0 0 0.416283 0.405752 0.290454 0.481611 
../functions/mat_mat6.hpp 20 402 0 101 0 1 1 0 0 0 0.425436 0.418331 0.29402 0.476466 
../functions/mat_mat6.hpp 22 402 0 101 0 1 1 0 0 0 0.410254 0.416611 0.346297 0.609219 
../functions/mat_mat6.hpp 24 402 0 101 0 1 1 0 0 0 0.457409 0.406587 0.406393 0.605327 
../functions/mat_mat6.hpp 26 402 0 101 0 1 1 0 0 0 0.451418 0.425762 0.393849 0.620179 
../functions/mat_mat6.hpp 28 402 0 101 0 1 1 0 0 0 0.490917 0.439439 0.396064 0.616624 
../functions/mat_mat6.hpp 30 402 0 101 0 1 1 0 0 0 0.481399 0.445054 0.395427 0.623922 
../functions/mat_mat6.hpp 32 402 0 101 0 1 1 0 0 0 0.445513 0.432026 0.326149 0.62887 
../functions/mat_mat.hpp 1 402 0 101 0 1 1 0 0 0 12.4145 11.7279 11.7755 11.7659 
../functions/mat_mat.hpp 2 402 0 101 0 1 1 0 0 0 6.64826 6.36877 6.4246 6.43277 
../functions/mat_mat.hpp 4 402 0 101 0 1 1 0 0 0 4.07243 3.99182 4.01405 6.85405 
../functions/mat_mat.hpp 6 402 0 101 0 1 1 0 0 0 3.03774 2.97607 3.42719 7.19313 
../functions/mat_mat.hpp 8 402 0 101 0 1 1 0 0 0 2.64864 2.65304 2.64559 7.19558 
../functions/mat_mat.hpp 10 402 0 101 0 1 1 0 0 0 2.44108 2.49925 2.17296 6.99176 
../functions/mat_mat.hpp 12 402 0 101 0 1 1 0 0 0 2.54033 2.31343 2.3187 7.14554 
../functions/mat_mat.hpp 14 402 0 101 0 1 1 0 0 0 2.27403 2.13072 2.40449 7.15757 
../functions/mat_mat.hpp 16 402 0 101 0 1 1 0 0 0 2.4074 2.16883 2.55611 7.33854 
../functions/mat_mat.hpp 18 402 0 101 0 1 1 0 0 0 2.34396 2.34692 2.56787 7.55258 
../functions/mat_mat.hpp 20 402 0 101 0 1 1 0 0 0 2.2487 2.29187 2.22046 7.3333 
../functions/mat_mat.hpp 22 402 0 101 0 1 1 0 0 0 2.35905 2.32253 2.23768 7.74499 
../functions/mat_mat.hpp 24 402 0 101 0 1 1 0 0 0 2.36832 2.29804 2.26878 7.76076 
../functions/mat_mat.hpp 26 402 0 101 0 1 1 0 0 0 2.40948 2.3313 2.2531 7.62864 
../functions/mat_mat.hpp 28 402 0 101 0 1 1 0 0 0 2.47337 2.45905 2.24244 7.83553 
../functions/mat_mat.hpp 30 402 0 101 0 1 1 0 0 0 2.45825 2.26384 2.13888 7.91645 
../functions/mat_mat.hpp 32 402 0 101 0 1 1 0 0 0 2.59163 2.35356 2.26627 7.93927 
../functions/mat_vect2.hpp 1 402 0 101 0 1 1 0 0 0 0.0091615 0.00437556 0.00403501 0.00401937 
../functions/mat_vect2.hpp 2 402 0 101 0 1 1 0 0 0 0.00627447 0.0028116 0.0025337 0.00235596 
../functions/mat_vect2.hpp 4 402 0 101 0 1 1 0 0 0 0.00571651 0.00181392 0.00164316 0.00259314 
../functions/mat_vect2.hpp 6 402 0 101 0 1 1 0 0 0 0.00526464 0.00141491 0.00135569 0.00272891 
../functions/mat_vect2.hpp 8 402 0 101 0 1 1 0 0 0 0.00571372 0.00146841 0.00129521 0.00274979 
../functions/mat_vect2.hpp 10 402 0 101 0 1 1 0 0 0 0.00638985 0.00278716 0.00256946 0.00333311 
../functions/mat_vect2.hpp 12 402 0 101 0 1 1 0 0 0 0.00805459 0.00283898 0.00245897 0.0037217 
../functions/mat_vect2.hpp 14 402 0 101 0 1 1 0 0 0 0.00718206 0.00325314 0.00303761 0.00281041 
../functions/mat_vect2.hpp 16 402 0 101 0 1 1 0 0 0 0.01039 0.0034737 0.00264559 0.00353914 
../functions/mat_vect2.hpp 18 402 0 101 0 1 1 0 0 0 0.0108987 0.00411582 0.00260187 0.00336684 
../functions/mat_vect2.hpp 20 402 0 101 0 1 1 0 0 0 0.00761612 0.00288333 0.00253433 0.00281433 
../functions/mat_vect2.hpp 22 402 0 101 0 1 1 0 0 0 0.00765202 0.00325446 0.00281488 0.0038852 
../functions/mat_vect2.hpp 24 402 0 101 0 1 1 0 0 0 0.00911743 0.00355834 0.0031386 0.00393088 
../functions/mat_vect2.hpp 26 402 0 101 0 1 1 0 0 0 0.00736958 0.00330601 0.00290624 0.00313113 
../functions/mat_vect2.hpp 28 402 0 101 0 1 1 0 0 0 0.00919104 0.00324811 0.0030654 0.00350841 
../functions/mat_vect2.hpp 30 402 0 101 0 1 1 0 0 0 0.00920948 0.00323854 0.0027419 0.00309243 
../functions/mat_vect2.hpp 32 402 0 101 0 1 1 0 0 0 0.0299715 0.00332521 0.00275908 0.0036717 
../functions/mat_vect3.hpp 1 402 0 101 0 1 1 0 0 0 0.000609645 0.000268191 0.000257435 0.000186127 
../functions/mat_vect3.hpp 2 402 0 101 0 1 1 0 0 0 0.0005808 0.000253244 0.000241581 0.000191505 
../functions/mat_vect3.hpp 4 402 0 101 0 1 1 0 0 0 0.000678718 0.00031275 0.000172578 0.000195416 
../functions/mat_vect3.hpp 6 402 0 101 0 1 1 0 0 0 0.000759244 0.000369531 0.000178933 0.000187454 
../functions/mat_vect3.hpp 8 402 0 101 0 1 1 0 0 0 0.000812743 0.000247098 0.000179911 0.000249613 
../functions/mat_vect3.hpp 10 402 0 101 0 1 1 0 0 0 0.00140053 0.000537917 0.000170343 0.000239975 
../functions/mat_vect3.hpp 12 402 0 101 0 1 1 0 0 0 0.00115748 0.000598819 0.000187454 0.000205893 
../functions/mat_vect3.hpp 14 402 0 101 0 1 1 0 0 0 0.00176929 0.000565225 0.000275803 0.000256387 
../functions/mat_vect3.hpp 16 402 0 101 0 1 1 0 0 0 0.00374608 0.000487841 0.000308489 0.000240463 
../functions/mat_vect3.hpp 18 402 0 101 0 1 1 0 0 0 0.00178919 0.000535752 0.000195206 0.000208337 
../functions/mat_vect3.hpp 20 402 0 101 0 1 1 0 0 0 0.00163086 0.000409968 0.00021134 0.000276502 
../functions/mat_vect3.hpp 22 402 0 101 0 1 1 0 0 0 0.00172822 0.000509283 0.000165803 0.000219372 
../functions/mat_vect3.hpp 24 402 0 101 0 1 1 0 0 0 0.00156521 0.000396628 0.000178444 0.000302343 
../functions/mat_vect3.hpp 26 402 0 101 0 1 1 0 0 0 0.0147345 0.000404451 0.000182775 0.000238159 
../functions/mat_vect3.hpp 28 402 0 101 0 1 1 0 0 0 0.00312358 0.000366667 0.000239556 0.000249054 
../functions/mat_vect3.hpp 30 402 0 101 0 1 1 0 0 0 0.00283765 0.000420654 0.000201911 0.000190248 
../functions/mat_vect3.hpp 32 402 0 101 0 1 1 0 0 0 0.00305542 0.000374768 0.000107137 0.000143384 
../functions/mat_vect.hpp 1 402 0 101 0 1 1 0 0 0 0.382524 0.289435 0.285053 0.300588 
../functions/mat_vect.hpp 2 402 0 101 0 1 1 0 0 0 0.230596 0.167051 0.185724 0.166372 
../functions/mat_vect.hpp 4 402 0 101 0 1 1 0 0 0 0.149034 0.0936326 0.0924263 0.0898475 
../functions/mat_vect.hpp 6 402 0 101 0 1 1 0 0 0 0.0970767 0.0664122 0.0779638 0.0743932 
../functions/mat_vect.hpp 8 402 0 101 0 1 1 0 0 0 0.0689773 0.0492905 0.0488968 0.0571016 
../functions/mat_vect.hpp 10 402 0 101 0 1 1 0 0 0 0.085264 0.0708805 0.0757646 0.0761437 
../functions/mat_vect.hpp 12 402 0 101 0 1 1 0 0 0 0.0991449 0.0855613 0.0814175 0.0795837 
../functions/mat_vect.hpp 14 402 0 101 0 1 1 0 0 0 0.125018 0.0951196 0.0887447 0.0860716 
../functions/mat_vect.hpp 16 402 0 101 0 1 1 0 0 0 0.102358 0.0973986 0.0882427 0.103602 
../functions/mat_vect.hpp 18 402 0 101 0 1 1 0 0 0 0.102134 0.10114 0.0694571 0.0855205 
../functions/mat_vect.hpp 20 402 0 101 0 1 1 0 0 0 0.116767 0.0676092 0.0677041 0.0674757 
../functions/mat_vect.hpp 22 402 0 101 0 1 1 0 0 0 0.12512 0.0779087 0.0511742 0.0634045 
../functions/mat_vect.hpp 24 402 0 101 0 1 1 0 0 0 0.10063 0.0497226 0.049571 0.0525151 
../functions/mat_vect.hpp 26 402 0 101 0 1 1 0 0 0 0.13642 0.0490749 0.0484231 0.0403609 
../functions/mat_vect.hpp 28 402 0 101 0 1 1 0 0 0 0.132862 0.0450553 0.0432667 0.0422566 
../functions/mat_vect.hpp 30 402 0 101 0 1 1 0 0 0 0.123332 0.0895384 0.04426 0.0406369 
../functions/mat_vect.hpp 32 402 0 101 0 1 1 0 0 0 0.175308 0.0446786 0.0440162 0.0490794 
../functions/sum_up2.hpp 1 402 0 101 0 1 1 0 0 0 0.00034341 9.4914e-05 9.3308e-05 8.5975e-05 
../functions/sum_up2.hpp 2 402 0 101 0 1 1 0 0 0 0.000432946 0.000122781 0.000109162 0.00012774 
../functions/sum_up2.hpp 4 402 0 101 0 1 1 0 0 0 0.000585549 0.000178235 0.000234527 0.000172578 
../functions/sum_up2.hpp 6 402 0 101 0 1 1 0 0 0 0.00056341 0.000257435 0.000269378 0.000270356 
../functions/sum_up2.hpp 8 402 0 101 0 1 1 0 0 0 0.000777263 0.00033 0.000288235 0.000285022 
../functions/sum_up2.hpp 10 402 0 101 0 1 1 0 0 0 0.00106662 0.000562083 0.000542736 0.000540083 
../functions/sum_up2.hpp 12 402 0 101 0 1 1 0 0 0 0.00116879 0.000606851 0.000610832 0.000599588 
../functions/sum_up2.hpp 14 402 0 101 0 1 1 0 0 0 0.00114149 0.000781104 0.000746255 0.000789347 
../functions/sum_up2.hpp 16 402 0 101 0 1 1 0 0 0 0.00113709 0.000833835 0.000745905 0.000834883 
../functions/sum_up2.hpp 18 402 0 101 0 1 1 0 0 0 0.0012936 0.00086233 0.000780756 0.000846267 
../functions/sum_up2.hpp 20 402 0 101 0 1 1 0 0 0 0.0013156 0.000935943 0.000841587 0.000791162 
../functions/sum_up2.hpp 22 402 0 101 0 1 1 0 0 0 0.00648728 0.00110719 0.0010252 0.00104755 
../functions/sum_up2.hpp 24 402 0 101 0 1 1 0 0 0 0.00167081 0.00118563 0.00116691 0.00116684 
../functions/sum_up2.hpp 26 402 0 101 0 1 1 0 0 0 0.00151709 0.00105013 0.00106606 0.00111027 
../functions/sum_up2.hpp 28 402 0 101 0 1 1 0 0 0 0.00177921 0.00148587 0.00151046 0.00137175 
../functions/sum_up2.hpp 30 402 0 101 0 1 1 0 0 0 0.00192203 0.00133313 0.00129255 0.00137853 
../functions/sum_up2.hpp 32 402 0 101 0 1 1 0 0 0 0.00224491 0.00147742 0.00132363 0.00141554 
../functions/sum_up.hpp 1 402 0 101 0 1 1 0 0 0 0.000359543 0.00010113 9.0444e-05 7.7384e-05 
../functions/sum_up.hpp 2 402 0 101 0 1 1 0 0 0 0.000379727 0.000125016 0.000112584 0.00012753 
../functions/sum_up.hpp 4 402 0 101 0 1 1 0 0 0 0.000493917 0.000314076 0.000187943 0.000183054 
../functions/sum_up.hpp 6 402 0 101 0 1 1 0 0 0 0.000581219 0.000217625 0.000190876 0.000193041 
../functions/sum_up.hpp 8 402 0 101 0 1 1 0 0 0 0.000697086 0.000246609 0.000234108 0.000258134 
../functions/sum_up.hpp 10 402 0 101 0 1 1 0 0 0 0.000758197 0.000524159 0.000576889 0.00054993 
../functions/sum_up.hpp 12 402 0 101 0 1 1 0 0 0 0.00087113 0.000629689 0.000546159 0.000537499 
../functions/sum_up.hpp 14 402 0 101 0 1 1 0 0 0 0.00129681 0.000726908 0.000810369 0.000791861 
../functions/sum_up.hpp 16 402 0 101 0 1 1 0 0 0 0.00117508 0.000885936 0.000803524 0.000827061 
../functions/sum_up.hpp 18 402 0 101 0 1 1 0 0 0 0.00186686 0.000961924 0.00104985 0.00101312 
../functions/sum_up.hpp 20 402 0 101 0 1 1 0 0 0 0.00183152 0.000997124 0.0010282 0.00102646 
../functions/sum_up.hpp 22 402 0 101 0 1 1 0 0 0 0.0019323 0.00103784 0.00109567 0.00112752 
../functions/sum_up.hpp 24 402 0 101 0 1 1 0 0 0 0.00125854 0.00104944 0.00112172 0.000999219 
../functions/sum_up.hpp 26 402 0 101 0 1 1 0 0 0 0.00203587 0.0013478 0.0013705 0.00135904 
../functions/sum_up.hpp 28 402 0 101 0 1 1 0 0 0 0.00227822 0.00150711 0.0014249 0.00147582 
../functions/sum_up.hpp 30 402 0 101 0 1 1 0 0 0 0.00185918 0.00135625 0.00151199 0.00154 
../functions/sum_up.hpp 32 402 0 101 0 1 1 0 0 0 0.00236476 0.00157555 0.0014571 0.00157373 
