153 5 6
num_ops num_float_ops num_comp_ops deepest_loop_level num_threads num_lambda_iter t(1) t(5) t(10) t(500) t(100) t(500)
../functions/dot_product.hpp 403 200 101 1 403 200 101 1 403 200 101 1 403 200 101 1 403 200 101 1 403 200 101 1 1 1000 0.00182551 0.0016389 0.00161389 0.00157499 0.00152897 0.00140933
../functions/dot_product.hpp 403 200 101 1 403 200 101 1 403 200 101 1 403 200 101 1 403 200 101 1 403 200 101 1 2 1000 0.00128305 0.00105467 0.00108198 0.00102122 0.000987765 0.00164399
../functions/dot_product.hpp 403 200 101 1 403 200 101 1 403 200 101 1 403 200 101 1 403 200 101 1 403 200 101 1 4 1000 0.000943346 0.000644635 0.000593441 0.00052402 0.000884051 0.00161613
../functions/dot_product.hpp 403 200 101 1 403 200 101 1 403 200 101 1 403 200 101 1 403 200 101 1 403 200 101 1 6 1000 0.000790394 0.000455644 0.000521714 0.000529956 0.000939854 0.00109476
../functions/dot_product.hpp 403 200 101 1 403 200 101 1 403 200 101 1 403 200 101 1 403 200 101 1 403 200 101 1 8 1000 0.000816724 0.000387689 0.000364781 0.000556635 0.000769581 0.00159455
../functions/dot_product.hpp 403 200 101 1 403 200 101 1 403 200 101 1 403 200 101 1 403 200 101 1 403 200 101 1 10 1000 0.000964648 0.00039167 0.000392578 0.000519689 0.000991607 0.00158659
../functions/dot_product.hpp 403 200 101 1 403 200 101 1 403 200 101 1 403 200 101 1 403 200 101 1 403 200 101 1 12 1000 0.00112584 0.000371206 0.000347042 0.00048868 0.000572908 0.00161368
../functions/dot_product.hpp 403 200 101 1 403 200 101 1 403 200 101 1 403 200 101 1 403 200 101 1 403 200 101 1 14 1000 0.00127747 0.000350114 0.00036059 0.000329441 0.000977778 0.0016192
../functions/dot_product.hpp 403 200 101 1 403 200 101 1 403 200 101 1 403 200 101 1 403 200 101 1 403 200 101 1 16 1000 0.00138921 0.00033028 0.000371416 0.000508654 0.000854578 0.00176419
../functions/dot_product.hpp 403 200 101 1 403 200 101 1 403 200 101 1 403 200 101 1 403 200 101 1 403 200 101 1 18 1000 0.0106325 0.000349206 0.000437974 0.000557962 0.000863238 0.00212674
../functions/dot_product.hpp 403 200 101 1 403 200 101 1 403 200 101 1 403 200 101 1 403 200 101 1 403 200 101 1 20 1000 0.00225301 0.000474502 0.000373441 0.000547556 0.00103686 0.00163617
../functions/dot_product.hpp 403 200 101 1 403 200 101 1 403 200 101 1 403 200 101 1 403 200 101 1 403 200 101 1 22 1000 0.00147379 0.000610482 0.000447403 0.000827689 0.000764971 0.00147638
../functions/dot_product.hpp 403 200 101 1 403 200 101 1 403 200 101 1 403 200 101 1 403 200 101 1 403 200 101 1 24 1000 0.00248391 0.000475828 0.00039621 0.000729073 0.000794305 0.00163247
../functions/dot_product.hpp 403 200 101 1 403 200 101 1 403 200 101 1 403 200 101 1 403 200 101 1 403 200 101 1 26 1000 0.00204558 0.000689892 0.000420724 0.000673759 0.00110824 0.00226419
../functions/dot_product.hpp 403 200 101 1 403 200 101 1 403 200 101 1 403 200 101 1 403 200 101 1 403 200 101 1 28 1000 0.00241379 0.000548324 0.000501809 0.000724114 0.00107765 0.00245541
../functions/dot_product.hpp 403 200 101 1 403 200 101 1 403 200 101 1 403 200 101 1 403 200 101 1 403 200 101 1 30 1000 0.00280636 0.000562083 0.000486305 0.000585479 0.000645193 0.00212115
../functions/dot_product.hpp 403 200 101 1 403 200 101 1 403 200 101 1 403 200 101 1 403 200 101 1 403 200 101 1 32 1000 0.00288829 0.0124725 0.000430781 0.000721321 0.000634578 0.00218275
../functions/mat_mat2.hpp 1001004 500000 250502 2 1001004 500000 250502 2 1001004 500000 250502 2 1001004 500000 250502 2 1001004 500000 250502 2 1001004 500000 250502 2 1 500 2.81064 2.59625 2.57962 2.58128 2.58038 2.59165
../functions/mat_mat2.hpp 1001004 500000 250502 2 1001004 500000 250502 2 1001004 500000 250502 2 1001004 500000 250502 2 1001004 500000 250502 2 1001004 500000 250502 2 2 500 1.53605 1.3597 1.39003 1.41948 1.38697 2.63314
../functions/mat_mat2.hpp 1001004 500000 250502 2 1001004 500000 250502 2 1001004 500000 250502 2 1001004 500000 250502 2 1001004 500000 250502 2 1001004 500000 250502 2 4 500 0.860271 0.855585 0.878348 0.834433 1.50049 2.76701
../functions/mat_mat2.hpp 1001004 500000 250502 2 1001004 500000 250502 2 1001004 500000 250502 2 1001004 500000 250502 2 1001004 500000 250502 2 1001004 500000 250502 2 6 500 0.613757 0.630111 0.628179 1.56808 1.71167 3.08398
../functions/mat_mat2.hpp 1001004 500000 250502 2 1001004 500000 250502 2 1001004 500000 250502 2 1001004 500000 250502 2 1001004 500000 250502 2 1001004 500000 250502 2 8 500 0.454404 0.498712 0.481412 0.814924 1.6708 2.97061
../functions/mat_mat2.hpp 1001004 500000 250502 2 1001004 500000 250502 2 1001004 500000 250502 2 1001004 500000 250502 2 1001004 500000 250502 2 1001004 500000 250502 2 10 500 0.412122 0.362387 0.328068 0.813325 1.69571 3.00634
../functions/mat_mat2.hpp 1001004 500000 250502 2 1001004 500000 250502 2 1001004 500000 250502 2 1001004 500000 250502 2 1001004 500000 250502 2 1001004 500000 250502 2 12 500 0.362532 0.343518 0.331075 1.50811 1.66863 2.78654
../functions/mat_mat2.hpp 1001004 500000 250502 2 1001004 500000 250502 2 1001004 500000 250502 2 1001004 500000 250502 2 1001004 500000 250502 2 1001004 500000 250502 2 14 500 0.303102 0.274802 0.344087 1.47575 1.70952 3.09129
../functions/mat_mat2.hpp 1001004 500000 250502 2 1001004 500000 250502 2 1001004 500000 250502 2 1001004 500000 250502 2 1001004 500000 250502 2 1001004 500000 250502 2 16 500 0.251632 0.278357 0.342188 1.48811 1.72868 3.17707
../functions/mat_mat2.hpp 1001004 500000 250502 2 1001004 500000 250502 2 1001004 500000 250502 2 1001004 500000 250502 2 1001004 500000 250502 2 1001004 500000 250502 2 18 500 0.300095 0.326099 0.458943 1.46311 1.65307 3.06811
../functions/mat_mat2.hpp 1001004 500000 250502 2 1001004 500000 250502 2 1001004 500000 250502 2 1001004 500000 250502 2 1001004 500000 250502 2 1001004 500000 250502 2 20 500 0.315699 0.32839 0.477773 1.54724 2.22944 3.14075
../functions/mat_mat2.hpp 1001004 500000 250502 2 1001004 500000 250502 2 1001004 500000 250502 2 1001004 500000 250502 2 1001004 500000 250502 2 1001004 500000 250502 2 22 500 0.31088 0.329082 0.523495 1.21158 1.92071 3.04345
../functions/mat_mat2.hpp 1001004 500000 250502 2 1001004 500000 250502 2 1001004 500000 250502 2 1001004 500000 250502 2 1001004 500000 250502 2 1001004 500000 250502 2 24 500 0.309715 0.326766 0.579166 0.862859 1.61959 4.30828
../functions/mat_mat2.hpp 1001004 500000 250502 2 1001004 500000 250502 2 1001004 500000 250502 2 1001004 500000 250502 2 1001004 500000 250502 2 1001004 500000 250502 2 26 500 0.323978 0.331771 0.55864 2.41676 2.42172 4.15001
../functions/mat_mat2.hpp 1001004 500000 250502 2 1001004 500000 250502 2 1001004 500000 250502 2 1001004 500000 250502 2 1001004 500000 250502 2 1001004 500000 250502 2 28 500 0.251059 0.332204 0.608988 2.30971 2.08706 3.90205
../functions/mat_mat2.hpp 1001004 500000 250502 2 1001004 500000 250502 2 1001004 500000 250502 2 1001004 500000 250502 2 1001004 500000 250502 2 1001004 500000 250502 2 30 500 0.260473 0.329688 0.593851 1.38602 2.76606 5.03711
../functions/mat_mat2.hpp 1001004 500000 250502 2 1001004 500000 250502 2 1001004 500000 250502 2 1001004 500000 250502 2 1001004 500000 250502 2 1001004 500000 250502 2 32 500 0.228212 0.325955 0.584584 1.24895 2.21242 3.82447
../functions/mat_mat3.hpp 40204 20000 10102 2 40204 20000 10102 2 40204 20000 10102 2 40204 20000 10102 2 40204 20000 10102 2 40204 20000 10102 2 1 100 0.0377002 0.0308364 0.0268859 0.0242086 0.0219031 0.0207909
../functions/mat_mat3.hpp 40204 20000 10102 2 40204 20000 10102 2 40204 20000 10102 2 40204 20000 10102 2 40204 20000 10102 2 40204 20000 10102 2 2 100 0.0179956 0.013495 0.0161071 0.0293998 0.0260521 0.0233044
../functions/mat_mat3.hpp 40204 20000 10102 2 40204 20000 10102 2 40204 20000 10102 2 40204 20000 10102 2 40204 20000 10102 2 40204 20000 10102 2 4 100 0.0101617 0.0101187 0.0182075 0.0301061 0.0262309 0.0235649
../functions/mat_mat3.hpp 40204 20000 10102 2 40204 20000 10102 2 40204 20000 10102 2 40204 20000 10102 2 40204 20000 10102 2 40204 20000 10102 2 6 100 0.00774421 0.0099704 0.0132381 0.0307645 0.0204173 0.0246524
../functions/mat_mat3.hpp 40204 20000 10102 2 40204 20000 10102 2 40204 20000 10102 2 40204 20000 10102 2 40204 20000 10102 2 40204 20000 10102 2 8 100 0.00643867 0.0053826 0.0172035 0.0314538 0.0272276 0.0204041
../functions/mat_mat3.hpp 40204 20000 10102 2 40204 20000 10102 2 40204 20000 10102 2 40204 20000 10102 2 40204 20000 10102 2 40204 20000 10102 2 10 100 0.00542325 0.00544881 0.00999953 0.0330539 0.0204932 0.0257261
../functions/mat_mat3.hpp 40204 20000 10102 2 40204 20000 10102 2 40204 20000 10102 2 40204 20000 10102 2 40204 20000 10102 2 40204 20000 10102 2 12 100 0.0044338 0.009586 0.00931564 0.0317237 0.027357 0.0244306
../functions/mat_mat3.hpp 40204 20000 10102 2 40204 20000 10102 2 40204 20000 10102 2 40204 20000 10102 2 40204 20000 10102 2 40204 20000 10102 2 14 100 0.00402153 0.0101928 0.00956756 0.0328828 0.0278102 0.0245869
../functions/mat_mat3.hpp 40204 20000 10102 2 40204 20000 10102 2 40204 20000 10102 2 40204 20000 10102 2 40204 20000 10102 2 40204 20000 10102 2 16 100 0.00396754 0.00507439 0.00986718 0.0327371 0.0275447 0.0253042
../functions/mat_mat3.hpp 40204 20000 10102 2 40204 20000 10102 2 40204 20000 10102 2 40204 20000 10102 2 40204 20000 10102 2 40204 20000 10102 2 18 100 0.00475836 0.0052258 0.00996083 0.0329402 0.0283239 0.0251197
../functions/mat_mat3.hpp 40204 20000 10102 2 40204 20000 10102 2 40204 20000 10102 2 40204 20000 10102 2 40204 20000 10102 2 40204 20000 10102 2 20 100 0.00414606 0.010118 0.0140338 0.0315912 0.0292607 0.0335279
../functions/mat_mat3.hpp 40204 20000 10102 2 40204 20000 10102 2 40204 20000 10102 2 40204 20000 10102 2 40204 20000 10102 2 40204 20000 10102 2 22 100 0.00449855 0.00701486 0.0142457 0.0454658 0.0358518 0.0222505
../functions/mat_mat3.hpp 40204 20000 10102 2 40204 20000 10102 2 40204 20000 10102 2 40204 20000 10102 2 40204 20000 10102 2 40204 20000 10102 2 24 100 0.00480138 0.00778255 0.0137124 0.0441159 0.037097 0.0318361
../functions/mat_mat3.hpp 40204 20000 10102 2 40204 20000 10102 2 40204 20000 10102 2 40204 20000 10102 2 40204 20000 10102 2 40204 20000 10102 2 26 100 0.0042877 0.00981186 0.0134165 0.0311932 0.0370679 0.0295888
../functions/mat_mat3.hpp 40204 20000 10102 2 40204 20000 10102 2 40204 20000 10102 2 40204 20000 10102 2 40204 20000 10102 2 40204 20000 10102 2 28 100 0.00391803 0.0093243 0.017972 0.031672 0.0382524 0.024057
../functions/mat_mat3.hpp 40204 20000 10102 2 40204 20000 10102 2 40204 20000 10102 2 40204 20000 10102 2 40204 20000 10102 2 40204 20000 10102 2 30 100 0.00477833 0.00713045 0.0125618 0.0407741 0.0350223 0.0298873
../functions/mat_mat3.hpp 40204 20000 10102 2 40204 20000 10102 2 40204 20000 10102 2 40204 20000 10102 2 40204 20000 10102 2 40204 20000 10102 2 32 100 0.00417763 0.0102601 0.0144876 0.0313562 0.0389039 0.0345547
../functions/mat_mat4.hpp 60204 40000 20102 2 60204 40000 20102 2 60204 40000 20102 2 60204 40000 20102 2 60204 40000 20102 2 60204 40000 20102 2 1 100 0.0572266 0.0449936 0.0370431 0.0332002 0.0329156 0.0328983
../functions/mat_mat4.hpp 60204 40000 20102 2 60204 40000 20102 2 60204 40000 20102 2 60204 40000 20102 2 60204 40000 20102 2 60204 40000 20102 2 2 100 0.0330597 0.0256971 0.0227461 0.0381261 0.0334781 0.0325562
../functions/mat_mat4.hpp 60204 40000 20102 2 60204 40000 20102 2 60204 40000 20102 2 60204 40000 20102 2 60204 40000 20102 2 60204 40000 20102 2 4 100 0.0157957 0.0152161 0.0226179 0.032677 0.0326264 0.0326169
../functions/mat_mat4.hpp 60204 40000 20102 2 60204 40000 20102 2 60204 40000 20102 2 60204 40000 20102 2 60204 40000 20102 2 60204 40000 20102 2 6 100 0.0120882 0.0146843 0.0272827 0.0437987 0.0393717 0.0330738
../functions/mat_mat4.hpp 60204 40000 20102 2 60204 40000 20102 2 60204 40000 20102 2 60204 40000 20102 2 60204 40000 20102 2 60204 40000 20102 2 8 100 0.00833535 0.013173 0.0229651 0.0450593 0.0376014 0.0326901
../functions/mat_mat4.hpp 60204 40000 20102 2 60204 40000 20102 2 60204 40000 20102 2 60204 40000 20102 2 60204 40000 20102 2 60204 40000 20102 2 10 100 0.00822346 0.0154211 0.0142239 0.0483277 0.0363932 0.0337155
../functions/mat_mat4.hpp 60204 40000 20102 2 60204 40000 20102 2 60204 40000 20102 2 60204 40000 20102 2 60204 40000 20102 2 60204 40000 20102 2 12 100 0.00829666 0.0155271 0.0141923 0.0461918 0.038242 0.0335698
../functions/mat_mat4.hpp 60204 40000 20102 2 60204 40000 20102 2 60204 40000 20102 2 60204 40000 20102 2 60204 40000 20102 2 60204 40000 20102 2 14 100 0.00618102 0.0155441 0.0266738 0.0448776 0.0370368 0.0329965
../functions/mat_mat4.hpp 60204 40000 20102 2 60204 40000 20102 2 60204 40000 20102 2 60204 40000 20102 2 60204 40000 20102 2 60204 40000 20102 2 16 100 0.00606397 0.0127973 0.0142365 0.0466665 0.0385917 0.0339674
../functions/mat_mat4.hpp 60204 40000 20102 2 60204 40000 20102 2 60204 40000 20102 2 60204 40000 20102 2 60204 40000 20102 2 60204 40000 20102 2 18 100 0.0058791 0.00846078 0.0150157 0.048478 0.0383846 0.0478452
../functions/mat_mat4.hpp 60204 40000 20102 2 60204 40000 20102 2 60204 40000 20102 2 60204 40000 20102 2 60204 40000 20102 2 60204 40000 20102 2 20 100 0.00629186 0.0221259 0.0146062 0.046108 0.0406599 0.0474551
../functions/mat_mat4.hpp 60204 40000 20102 2 60204 40000 20102 2 60204 40000 20102 2 60204 40000 20102 2 60204 40000 20102 2 60204 40000 20102 2 22 100 0.00589803 0.0118139 0.0223329 0.0689528 0.0355553 0.0495274
../functions/mat_mat4.hpp 60204 40000 20102 2 60204 40000 20102 2 60204 40000 20102 2 60204 40000 20102 2 60204 40000 20102 2 60204 40000 20102 2 24 100 0.0068918 0.0120355 0.0215641 0.0498237 0.0498992 0.049973
../functions/mat_mat4.hpp 60204 40000 20102 2 60204 40000 20102 2 60204 40000 20102 2 60204 40000 20102 2 60204 40000 20102 2 60204 40000 20102 2 26 100 0.0062941 0.0120182 0.0207559 0.046213 0.0384616 0.0484782
../functions/mat_mat4.hpp 60204 40000 20102 2 60204 40000 20102 2 60204 40000 20102 2 60204 40000 20102 2 60204 40000 20102 2 60204 40000 20102 2 28 100 0.00645655 0.022961 0.038529 0.058585 0.0482699 0.033152
../functions/mat_mat4.hpp 60204 40000 20102 2 60204 40000 20102 2 60204 40000 20102 2 60204 40000 20102 2 60204 40000 20102 2 60204 40000 20102 2 30 100 0.00758441 0.0156008 0.0196497 0.0606853 0.0489677 0.0471459
../functions/mat_mat4.hpp 60204 40000 20102 2 60204 40000 20102 2 60204 40000 20102 2 60204 40000 20102 2 60204 40000 20102 2 60204 40000 20102 2 32 100 0.00700313 0.0153114 0.0214487 0.0646647 0.0518089 0.046035
../functions/mat_mat6.hpp 1001006 500000 250503 2 1001006 500000 250503 2 1001006 500000 250503 2 1001006 500000 250503 2 1001006 500000 250503 2 1001006 500000 250503 2 1 500 1.50791 1.28648 1.28684 1.29238 1.28724 1.28526
../functions/mat_mat6.hpp 1001006 500000 250503 2 1001006 500000 250503 2 1001006 500000 250503 2 1001006 500000 250503 2 1001006 500000 250503 2 1001006 500000 250503 2 2 500 0.811849 0.712229 0.705345 0.69736 0.691027 1.29773
../functions/mat_mat6.hpp 1001006 500000 250503 2 1001006 500000 250503 2 1001006 500000 250503 2 1001006 500000 250503 2 1001006 500000 250503 2 1001006 500000 250503 2 4 500 0.457994 0.431271 0.448271 0.751808 0.746085 1.39845
../functions/mat_mat6.hpp 1001006 500000 250503 2 1001006 500000 250503 2 1001006 500000 250503 2 1001006 500000 250503 2 1001006 500000 250503 2 1001006 500000 250503 2 6 500 0.326884 0.310279 0.310047 0.412037 0.782493 1.58659
../functions/mat_mat6.hpp 1001006 500000 250503 2 1001006 500000 250503 2 1001006 500000 250503 2 1001006 500000 250503 2 1001006 500000 250503 2 1001006 500000 250503 2 8 500 0.243049 0.270315 0.262065 0.412728 0.813138 1.50426
../functions/mat_mat6.hpp 1001006 500000 250503 2 1001006 500000 250503 2 1001006 500000 250503 2 1001006 500000 250503 2 1001006 500000 250503 2 1001006 500000 250503 2 10 500 0.214159 0.231016 0.179882 0.766395 0.836967 1.3001
../functions/mat_mat6.hpp 1001006 500000 250503 2 1001006 500000 250503 2 1001006 500000 250503 2 1001006 500000 250503 2 1001006 500000 250503 2 1001006 500000 250503 2 12 500 0.197363 0.17187 0.170552 0.424911 0.816085 1.52116
../functions/mat_mat6.hpp 1001006 500000 250503 2 1001006 500000 250503 2 1001006 500000 250503 2 1001006 500000 250503 2 1001006 500000 250503 2 1001006 500000 250503 2 14 500 0.160838 0.139324 0.182587 0.439799 0.795724 1.50277
../functions/mat_mat6.hpp 1001006 500000 250503 2 1001006 500000 250503 2 1001006 500000 250503 2 1001006 500000 250503 2 1001006 500000 250503 2 1001006 500000 250503 2 16 500 0.138362 0.139353 0.177254 0.438013 0.824606 1.5684
../functions/mat_mat6.hpp 1001006 500000 250503 2 1001006 500000 250503 2 1001006 500000 250503 2 1001006 500000 250503 2 1001006 500000 250503 2 1001006 500000 250503 2 18 500 0.126631 0.170086 0.244889 0.676171 1.1497 1.55299
../functions/mat_mat6.hpp 1001006 500000 250503 2 1001006 500000 250503 2 1001006 500000 250503 2 1001006 500000 250503 2 1001006 500000 250503 2 1001006 500000 250503 2 20 500 0.172714 0.177668 0.242966 1.00417 1.36327 2.40083
../functions/mat_mat6.hpp 1001006 500000 250503 2 1001006 500000 250503 2 1001006 500000 250503 2 1001006 500000 250503 2 1001006 500000 250503 2 1001006 500000 250503 2 22 500 0.152505 0.167466 0.249175 0.789615 1.23656 1.49264
../functions/mat_mat6.hpp 1001006 500000 250503 2 1001006 500000 250503 2 1001006 500000 250503 2 1001006 500000 250503 2 1001006 500000 250503 2 1001006 500000 250503 2 24 500 0.163974 0.173602 0.316383 0.433306 0.815254 2.26016
../functions/mat_mat6.hpp 1001006 500000 250503 2 1001006 500000 250503 2 1001006 500000 250503 2 1001006 500000 250503 2 1001006 500000 250503 2 1001006 500000 250503 2 26 500 0.172666 0.176474 0.238584 0.69368 1.31597 2.31607
../functions/mat_mat6.hpp 1001006 500000 250503 2 1001006 500000 250503 2 1001006 500000 250503 2 1001006 500000 250503 2 1001006 500000 250503 2 1001006 500000 250503 2 28 500 0.13176 0.183274 0.326096 0.664226 1.1001 2.10518
../functions/mat_mat6.hpp 1001006 500000 250503 2 1001006 500000 250503 2 1001006 500000 250503 2 1001006 500000 250503 2 1001006 500000 250503 2 1001006 500000 250503 2 30 500 0.133164 0.179414 0.294604 0.718786 1.38361 1.58311
../functions/mat_mat6.hpp 1001006 500000 250503 2 1001006 500000 250503 2 1001006 500000 250503 2 1001006 500000 250503 2 1001006 500000 250503 2 1001006 500000 250503 2 32 500 0.128614 0.173695 0.300847 0.666982 1.22723 2.07447
../functions/mat_mat.hpp 4002004 2000000 1001002 2 4002004 2000000 1001002 2 4002004 2000000 1001002 2 4002004 2000000 1001002 2 4002004 2000000 1001002 2 4002004 2000000 1001002 2 1 1000 23.0517 22.8498 22.8038 22.8104 22.918 22.7458
../functions/mat_mat.hpp 4002004 2000000 1001002 2 4002004 2000000 1001002 2 4002004 2000000 1001002 2 4002004 2000000 1001002 2 4002004 2000000 1001002 2 4002004 2000000 1001002 2 2 1000 11.7698 12.1557 12.0556 12.3836 12.3376 23.1838
../functions/mat_mat.hpp 4002004 2000000 1001002 2 4002004 2000000 1001002 2 4002004 2000000 1001002 2 4002004 2000000 1001002 2 4002004 2000000 1001002 2 4002004 2000000 1001002 2 4 1000 6.55975 6.58016 7.45151 6.91977 11.5368 24.0331
../functions/mat_mat.hpp 4002004 2000000 1001002 2 4002004 2000000 1001002 2 4002004 2000000 1001002 2 4002004 2000000 1001002 2 4002004 2000000 1001002 2 4002004 2000000 1001002 2 6 1000 4.6276 5.5507 5.52533 7.11873 7.09483 24.3076
../functions/mat_mat.hpp 4002004 2000000 1001002 2 4002004 2000000 1001002 2 4002004 2000000 1001002 2 4002004 2000000 1001002 2 4002004 2000000 1001002 2 4002004 2000000 1001002 2 8 1000 3.58318 4.25256 4.32628 7.14167 7.14499 24.675
../functions/mat_mat.hpp 4002004 2000000 1001002 2 4002004 2000000 1001002 2 4002004 2000000 1001002 2 4002004 2000000 1001002 2 4002004 2000000 1001002 2 4002004 2000000 1001002 2 10 1000 2.93077 2.88204 2.8495 7.05474 7.21625 24.8475
../functions/mat_mat.hpp 4002004 2000000 1001002 2 4002004 2000000 1001002 2 4002004 2000000 1001002 2 4002004 2000000 1001002 2 4002004 2000000 1001002 2 4002004 2000000 1001002 2 12 1000 2.46504 2.8452 2.84292 5.59139 7.2113 24.6585
../functions/mat_mat.hpp 4002004 2000000 1001002 2 4002004 2000000 1001002 2 4002004 2000000 1001002 2 4002004 2000000 1001002 2 4002004 2000000 1001002 2 4002004 2000000 1001002 2 14 1000 2.05561 2.14498 2.18231 7.03798 7.03127 25.948
../functions/mat_mat.hpp 4002004 2000000 1001002 2 4002004 2000000 1001002 2 4002004 2000000 1001002 2 4002004 2000000 1001002 2 4002004 2000000 1001002 2 4002004 2000000 1001002 2 16 1000 1.84549 2.15628 2.15385 7.18548 12.3583 25.3756
../functions/mat_mat.hpp 4002004 2000000 1001002 2 4002004 2000000 1001002 2 4002004 2000000 1001002 2 4002004 2000000 1001002 2 4002004 2000000 1001002 2 4002004 2000000 1001002 2 18 1000 2.56732 2.73011 2.68907 7.13601 9.31676 29.191
../functions/mat_mat.hpp 4002004 2000000 1001002 2 4002004 2000000 1001002 2 4002004 2000000 1001002 2 4002004 2000000 1001002 2 4002004 2000000 1001002 2 4002004 2000000 1001002 2 20 1000 2.76311 2.60308 2.7254 7.05429 11.3238 25.4239
../functions/mat_mat.hpp 4002004 2000000 1001002 2 4002004 2000000 1001002 2 4002004 2000000 1001002 2 4002004 2000000 1001002 2 4002004 2000000 1001002 2 4002004 2000000 1001002 2 22 1000 2.46106 2.03243 2.64329 10.4105 8.30649 23.8339
../functions/mat_mat.hpp 4002004 2000000 1001002 2 4002004 2000000 1001002 2 4002004 2000000 1001002 2 4002004 2000000 1001002 2 4002004 2000000 1001002 2 4002004 2000000 1001002 2 24 1000 2.40527 2.4949 2.71251 6.81099 7.13158 24.2035
../functions/mat_mat.hpp 4002004 2000000 1001002 2 4002004 2000000 1001002 2 4002004 2000000 1001002 2 4002004 2000000 1001002 2 4002004 2000000 1001002 2 4002004 2000000 1001002 2 26 1000 2.1195 2.04109 2.65462 10.3914 12.5232 24.667
../functions/mat_mat.hpp 4002004 2000000 1001002 2 4002004 2000000 1001002 2 4002004 2000000 1001002 2 4002004 2000000 1001002 2 4002004 2000000 1001002 2 4002004 2000000 1001002 2 28 1000 2.0844 2.03876 2.69931 6.40879 12.835 28.0696
../functions/mat_mat.hpp 4002004 2000000 1001002 2 4002004 2000000 1001002 2 4002004 2000000 1001002 2 4002004 2000000 1001002 2 4002004 2000000 1001002 2 4002004 2000000 1001002 2 30 1000 2.06409 1.9792 2.71472 6.77691 11.2845 32.6846
../functions/mat_mat.hpp 4002004 2000000 1001002 2 4002004 2000000 1001002 2 4002004 2000000 1001002 2 4002004 2000000 1001002 2 4002004 2000000 1001002 2 4002004 2000000 1001002 2 32 1000 1.77262 1.98111 2.67423 8.74193 13.692 27.8904
../functions/mat_vect2.hpp 4002 2000 1001 1 4002 2000 1001 1 4002 2000 1001 1 4002 2000 1001 1 4002 2000 1001 1 4002 2000 1001 1 1 1000 0.0199291 0.0182268 0.0167914 0.0158042 0.0150968 0.0149898
../functions/mat_vect2.hpp 4002 2000 1001 1 4002 2000 1001 1 4002 2000 1001 1 4002 2000 1001 1 4002 2000 1001 1 4002 2000 1001 1 2 1000 0.0110543 0.00930223 0.00985132 0.00909529 0.00910989 0.0185283
../functions/mat_vect2.hpp 4002 2000 1001 1 4002 2000 1001 1 4002 2000 1001 1 4002 2000 1001 1 4002 2000 1001 1 4002 2000 1001 1 4 1000 0.00572866 0.00556251 0.00489531 0.0053041 0.0101648 0.0172123
../functions/mat_vect2.hpp 4002 2000 1001 1 4002 2000 1001 1 4002 2000 1001 1 4002 2000 1001 1 4002 2000 1001 1 4002 2000 1001 1 6 1000 0.00402244 0.00344646 0.00355332 0.00545838 0.00911708 0.0180143
../functions/mat_vect2.hpp 4002 2000 1001 1 4002 2000 1001 1 4002 2000 1001 1 4002 2000 1001 1 4002 2000 1001 1 4002 2000 1001 1 8 1000 0.00335008 0.00296239 0.00341342 0.00613241 0.00542779 0.015066
../functions/mat_vect2.hpp 4002 2000 1001 1 4002 2000 1001 1 4002 2000 1001 1 4002 2000 1001 1 4002 2000 1001 1 4002 2000 1001 1 10 1000 0.00298502 0.00243718 0.00253335 0.005522 0.00915494 0.0183267
../functions/mat_vect2.hpp 4002 2000 1001 1 4002 2000 1001 1 4002 2000 1001 1 4002 2000 1001 1 4002 2000 1001 1 4002 2000 1001 1 12 1000 0.00260683 0.002505 0.002329 0.00548114 0.00852615 0.0181345
../functions/mat_vect2.hpp 4002 2000 1001 1 4002 2000 1001 1 4002 2000 1001 1 4002 2000 1001 1 4002 2000 1001 1 4002 2000 1001 1 14 1000 0.00249759 0.00214978 0.00198405 0.00608911 0.00592946 0.0195978
../functions/mat_vect2.hpp 4002 2000 1001 1 4002 2000 1001 1 4002 2000 1001 1 4002 2000 1001 1 4002 2000 1001 1 4002 2000 1001 1 16 1000 0.0024265 0.00202554 0.00185848 0.00297768 0.00548904 0.0199602
../functions/mat_vect2.hpp 4002 2000 1001 1 4002 2000 1001 1 4002 2000 1001 1 4002 2000 1001 1 4002 2000 1001 1 4002 2000 1001 1 18 1000 0.00258161 0.0020393 0.00232942 0.00549923 0.00950254 0.0188192
../functions/mat_vect2.hpp 4002 2000 1001 1 4002 2000 1001 1 4002 2000 1001 1 4002 2000 1001 1 4002 2000 1001 1 4002 2000 1001 1 20 1000 0.00255808 0.00198349 0.00231761 0.00557047 0.00706179 0.0232457
../functions/mat_vect2.hpp 4002 2000 1001 1 4002 2000 1001 1 4002 2000 1001 1 4002 2000 1001 1 4002 2000 1001 1 4002 2000 1001 1 22 1000 0.00251303 0.00190897 0.00202323 0.0066125 0.00660566 0.0176786
../functions/mat_vect2.hpp 4002 2000 1001 1 4002 2000 1001 1 4002 2000 1001 1 4002 2000 1001 1 4002 2000 1001 1 4002 2000 1001 1 24 1000 0.00263406 0.00202763 0.00197672 0.00692421 0.00507648 0.017545
../functions/mat_vect2.hpp 4002 2000 1001 1 4002 2000 1001 1 4002 2000 1001 1 4002 2000 1001 1 4002 2000 1001 1 4002 2000 1001 1 26 1000 0.00259453 0.00178417 0.00185373 0.00481772 0.00780113 0.0177717
../functions/mat_vect2.hpp 4002 2000 1001 1 4002 2000 1001 1 4002 2000 1001 1 4002 2000 1001 1 4002 2000 1001 1 4002 2000 1001 1 28 1000 0.00320376 0.00167954 0.0021428 0.00608499 0.0116183 0.0209177
../functions/mat_vect2.hpp 4002 2000 1001 1 4002 2000 1001 1 4002 2000 1001 1 4002 2000 1001 1 4002 2000 1001 1 4002 2000 1001 1 30 1000 0.0031525 0.00168918 0.00219728 0.00509841 0.0127824 0.0225401
../functions/mat_vect2.hpp 4002 2000 1001 1 4002 2000 1001 1 4002 2000 1001 1 4002 2000 1001 1 4002 2000 1001 1 4002 2000 1001 1 32 1000 0.0036073 0.00194396 0.00220587 0.00667536 0.00753622 0.021772
../functions/mat_vect3.hpp 402 200 101 1 402 200 101 1 402 200 101 1 402 200 101 1 402 200 101 1 402 200 101 1 1 100 0.000594419 0.000498178 0.000480997 0.000384267 0.000350953 0.000319873
../functions/mat_vect3.hpp 402 200 101 1 402 200 101 1 402 200 101 1 402 200 101 1 402 200 101 1 402 200 101 1 2 100 0.000596025 0.000372953 0.000319454 0.00036101 0.000352 0.000353746
../functions/mat_vect3.hpp 402 200 101 1 402 200 101 1 402 200 101 1 402 200 101 1 402 200 101 1 402 200 101 1 4 100 0.000532959 0.000224819 0.000179702 0.00025087 0.000371416 0.000351022
../functions/mat_vect3.hpp 402 200 101 1 402 200 101 1 402 200 101 1 402 200 101 1 402 200 101 1 402 200 101 1 6 100 0.000550489 0.000193042 0.000183752 0.000259251 0.000352349 0.000359054
../functions/mat_vect3.hpp 402 200 101 1 402 200 101 1 402 200 101 1 402 200 101 1 402 200 101 1 402 200 101 1 8 100 0.000667473 0.000192762 0.000223911 0.000367365 0.000251777 0.000389994
../functions/mat_vect3.hpp 402 200 101 1 402 200 101 1 402 200 101 1 402 200 101 1 402 200 101 1 402 200 101 1 10 100 0.000594839 0.000207708 0.00014967 0.00038266 0.000308558 0.000381473
../functions/mat_vect3.hpp 402 200 101 1 402 200 101 1 402 200 101 1 402 200 101 1 402 200 101 1 402 200 101 1 12 100 0.000594139 0.000185568 0.000256527 0.000390343 0.000390343 0.000390693
../functions/mat_vect3.hpp 402 200 101 1 402 200 101 1 402 200 101 1 402 200 101 1 402 200 101 1 402 200 101 1 14 100 0.00140158 0.00020212 0.000254432 0.000232641 0.000337124 0.000333352
../functions/mat_vect3.hpp 402 200 101 1 402 200 101 1 402 200 101 1 402 200 101 1 402 200 101 1 402 200 101 1 16 100 0.00122055 0.00020233 0.000239905 0.000348858 0.000375886 0.000280762
../functions/mat_vect3.hpp 402 200 101 1 402 200 101 1 402 200 101 1 402 200 101 1 402 200 101 1 402 200 101 1 18 100 0.00141449 0.000196393 0.00018445 0.000389924 0.000362616 0.000335587
../functions/mat_vect3.hpp 402 200 101 1 402 200 101 1 402 200 101 1 402 200 101 1 402 200 101 1 402 200 101 1 20 100 0.00175036 0.000220629 0.000186057 0.000458089 0.000364431 0.000456623
../functions/mat_vect3.hpp 402 200 101 1 402 200 101 1 402 200 101 1 402 200 101 1 402 200 101 1 402 200 101 1 22 100 0.00120839 0.000204356 0.000223283 0.000521924 0.000410807 0.000394254
../functions/mat_vect3.hpp 402 200 101 1 402 200 101 1 402 200 101 1 402 200 101 1 402 200 101 1 402 200 101 1 24 100 0.001521 0.000255968 0.00021134 0.000503136 0.000295708 0.0004664
../functions/mat_vect3.hpp 402 200 101 1 402 200 101 1 402 200 101 1 402 200 101 1 402 200 101 1 402 200 101 1 26 100 0.00185093 0.000298432 0.000264349 0.000465073 0.000385315 0.000288794
../functions/mat_vect3.hpp 402 200 101 1 402 200 101 1 402 200 101 1 402 200 101 1 402 200 101 1 402 200 101 1 28 100 0.00178123 0.000195974 0.000215251 0.000365689 0.000397117 0.000388876
../functions/mat_vect3.hpp 402 200 101 1 402 200 101 1 402 200 101 1 402 200 101 1 402 200 101 1 402 200 101 1 30 100 0.00140185 0.000261974 0.000220489 0.000464654 0.000513962 0.000487911
../functions/mat_vect3.hpp 402 200 101 1 402 200 101 1 402 200 101 1 402 200 101 1 402 200 101 1 402 200 101 1 32 100 0.00173158 0.00029913 0.000216578 0.000349626 0.000483581 0.000502578
../functions/mat_vect.hpp 40002 20000 10001 1 40002 20000 10001 1 40002 20000 10001 1 40002 20000 10001 1 40002 20000 10001 1 40002 20000 10001 1 1 10000 1.16169 1.16442 1.15605 1.11922 1.12281 1.12346
../functions/mat_vect.hpp 40002 20000 10001 1 40002 20000 10001 1 40002 20000 10001 1 40002 20000 10001 1 40002 20000 10001 1 40002 20000 10001 1 2 10000 0.731532 0.67316 0.610634 0.603198 0.617669 0.632567
../functions/mat_vect.hpp 40002 20000 10001 1 40002 20000 10001 1 40002 20000 10001 1 40002 20000 10001 1 40002 20000 10001 1 40002 20000 10001 1 4 10000 0.409461 0.381585 0.372875 0.3379 0.357066 0.3321
../functions/mat_vect.hpp 40002 20000 10001 1 40002 20000 10001 1 40002 20000 10001 1 40002 20000 10001 1 40002 20000 10001 1 40002 20000 10001 1 6 10000 0.277427 0.259781 0.269886 0.284946 0.285102 0.356329
../functions/mat_vect.hpp 40002 20000 10001 1 40002 20000 10001 1 40002 20000 10001 1 40002 20000 10001 1 40002 20000 10001 1 40002 20000 10001 1 8 10000 0.237857 0.198458 0.206276 0.22438 0.226754 0.380317
../functions/mat_vect.hpp 40002 20000 10001 1 40002 20000 10001 1 40002 20000 10001 1 40002 20000 10001 1 40002 20000 10001 1 40002 20000 10001 1 10 10000 0.245337 0.157369 0.157856 0.160277 0.160189 0.511864
../functions/mat_vect.hpp 40002 20000 10001 1 40002 20000 10001 1 40002 20000 10001 1 40002 20000 10001 1 40002 20000 10001 1 40002 20000 10001 1 12 10000 0.237243 0.136963 0.144009 0.160255 0.147064 0.636154
../functions/mat_vect.hpp 40002 20000 10001 1 40002 20000 10001 1 40002 20000 10001 1 40002 20000 10001 1 40002 20000 10001 1 40002 20000 10001 1 14 10000 0.200744 0.114673 0.113579 0.12342 0.123564 0.288567
../functions/mat_vect.hpp 40002 20000 10001 1 40002 20000 10001 1 40002 20000 10001 1 40002 20000 10001 1 40002 20000 10001 1 40002 20000 10001 1 16 10000 0.161428 0.105134 0.109848 0.120266 0.123534 0.408354
../functions/mat_vect.hpp 40002 20000 10001 1 40002 20000 10001 1 40002 20000 10001 1 40002 20000 10001 1 40002 20000 10001 1 40002 20000 10001 1 18 10000 0.225894 0.134943 0.136086 0.146074 0.143364 0.443785
../functions/mat_vect.hpp 40002 20000 10001 1 40002 20000 10001 1 40002 20000 10001 1 40002 20000 10001 1 40002 20000 10001 1 40002 20000 10001 1 20 10000 0.181833 0.118326 0.151541 0.10769 0.133848 0.433986
../functions/mat_vect.hpp 40002 20000 10001 1 40002 20000 10001 1 40002 20000 10001 1 40002 20000 10001 1 40002 20000 10001 1 40002 20000 10001 1 22 10000 0.158228 0.12683 0.11931 0.116434 0.161422 0.628504
../functions/mat_vect.hpp 40002 20000 10001 1 40002 20000 10001 1 40002 20000 10001 1 40002 20000 10001 1 40002 20000 10001 1 40002 20000 10001 1 24 10000 0.164502 0.128192 0.152649 0.117614 0.147045 0.357326
../functions/mat_vect.hpp 40002 20000 10001 1 40002 20000 10001 1 40002 20000 10001 1 40002 20000 10001 1 40002 20000 10001 1 40002 20000 10001 1 26 10000 0.161659 0.114054 0.157944 0.11687 0.137209 0.499348
../functions/mat_vect.hpp 40002 20000 10001 1 40002 20000 10001 1 40002 20000 10001 1 40002 20000 10001 1 40002 20000 10001 1 40002 20000 10001 1 28 10000 0.190793 0.118681 0.112074 0.121329 0.150536 0.356826
../functions/mat_vect.hpp 40002 20000 10001 1 40002 20000 10001 1 40002 20000 10001 1 40002 20000 10001 1 40002 20000 10001 1 40002 20000 10001 1 30 10000 0.160353 0.09833 0.124199 0.147246 0.143016 0.431886
../functions/mat_vect.hpp 40002 20000 10001 1 40002 20000 10001 1 40002 20000 10001 1 40002 20000 10001 1 40002 20000 10001 1 40002 20000 10001 1 32 10000 0.193183 0.149901 0.104561 0.108217 0.152835 0.508349