426 6 6
num_ops num_float_ops num_comp_ops deepest_loop_level num_threads num_lambda_iter t(1) t(5) t(10) t(50) t(100) t(500)
../functions/dot_product_2.hpp num_ops num_float_ops num_comp_ops deepest_loop_level num_threads num_lambda_iter t(1) t(5) t(10) t(50) t(100) t(500)
../functions/dot_product_2.hpp 1213 602 306 2 1213 602 306 2 1213 602 306 2 1213 602 306 2 1213 602 306 2 1213 602 306 2 1 1500 0.000146318 0.000050495 0.000033384 0.0000031289 0.0000264 0.000020882
../functions/dot_product_2.hpp 1213 602 306 2 1213 602 306 2 1213 602 306 2 1213 602 306 2 1213 602 306 2 1213 602 306 2 2 1500 0.000277829 0.000073962 0.000049657 0.000041276 0.00004379 0.000020883
../functions/dot_product_2.hpp 1213 602 306 2 1213 602 306 2 1213 602 306 2 1213 602 306 2 1213 602 306 2 1213 602 306 2 4 1500 0.000357518 0.000077733 0.000062787 0.000044768 0.000030939 0.000022978
../functions/dot_product_2.hpp 1213 602 306 2 1213 602 306 2 1213 602 306 2 1213 602 306 2 1213 602 306 2 1213 602 306 2 6 1500 0.000498457 0.000086045 0.000055175 0.000054057 0.000026609 0.000026051
../functions/dot_product_2.hpp 1213 602 306 2 1213 602 306 2 1213 602 306 2 1213 602 306 2 1213 602 306 2 1213 602 306 2 8 1500 0.000772235 0.00010106 0.000086952 0.000053149 0.000032058 0.000026889
../functions/dot_product_2.hpp 1213 602 306 2 1213 602 306 2 1213 602 306 2 1213 602 306 2 1213 602 306 2 1213 602 306 2 10 1500 0.000399492 0.000288724 0.000103784 0.000078222 0.000049099 0.000026749
../functions/dot_product_2.hpp 1213 602 306 2 1213 602 306 2 1213 602 306 2 1213 602 306 2 1213 602 306 2 1213 602 306 2 12 1500 0.000920089 0.000118591 0.000125016 0.00005755 0.000047003 0.000029892
../functions/dot_product_2.hpp 1213 602 306 2 1213 602 306 2 1213 602 306 2 1213 602 306 2 1213 602 306 2 1213 602 306 2 14 1500 0.00107367 0.000145898 0.000119498 0.00009.6171 0.000034083 0.000024305
../functions/dot_product_2.hpp 1213 602 306 2 1213 602 306 2 1213 602 306 2 1213 602 306 2 1213 602 306 2 1213 602 306 2 16 1500 0.00168653 0.000190108 0.000185428 0.000048889 0.000036527 0.000032826
../functions/dot_product_2.hpp 1213 602 306 2 1213 602 306 2 1213 602 306 2 1213 602 306 2 1213 602 306 2 1213 602 306 2 18 1500 0.00153539 0.000207708 0.000182146 0.000056851 0.000035898 0.000025771
../functions/dot_product_2.hpp 1213 602 306 2 1213 602 306 2 1213 602 306 2 1213 602 306 2 1213 602 306 2 1213 602 306 2 20 1500 0.00144998 0.000186057 0.000172787 0.000049238 0.000035759 0.000041206
../functions/dot_product_2.hpp 1213 602 306 2 1213 602 306 2 1213 602 306 2 1213 602 306 2 1213 602 306 2 1213 602 306 2 22 1500 0.001565 0.000179632 0.000174184 0.000068165 0.000047911 0.00002661
../functions/dot_product_2.hpp 1213 602 306 2 1213 602 306 2 1213 602 306 2 1213 602 306 2 1213 602 306 2 1213 602 306 2 24 1500 0.00170755 0.000212388 0.000220628 0.00007075 0.00004826 0.000035829
../functions/dot_product_2.hpp 1213 602 306 2 1213 602 306 2 1213 602 306 2 1213 602 306 2 1213 602 306 2 1213 602 306 2 26 1500 0.00166977 0.000196743 0.000176349 0.000075359 0.000046375 0.000030032
../functions/dot_product_2.hpp 1213 602 306 2 1213 602 306 2 1213 602 306 2 1213 602 306 2 1213 602 306 2 1213 602 306 2 28 1500 0.00182132 0.000217766 0.000199258 0.000062438 0.000049378 0.000029822
../functions/dot_product_2.hpp 1213 602 306 2 1213 602 306 2 1213 602 306 2 1213 602 306 2 1213 602 306 2 1213 602 306 2 30 1500 0.0146188 0.00208839 0.000199397 0.00007061 0.000043162 0.000033174
../functions/dot_product_2.hpp 1213 602 306 2 1213 602 306 2 1213 602 306 2 1213 602 306 2 1213 602 306 2 1213 602 306 2 32 1500 0.00305255 0.000321898 0.000210083 0.000068723 0.00003974 0.000034432
../functions/dot_product_3.hpp 2179 1440 729 3 2179 1440 729 3 2179 1440 729 3 2179 1440 729 3 2179 1440 729 3 2179 1440 729 3 1 900 0.000138984 0.000054057 0.000035759 0.000032685 0.000032546 0.000011803
../functions/dot_product_3.hpp 2179 1440 729 3 2179 1440 729 3 2179 1440 729 3 2179 1440 729 3 2179 1440 729 3 2179 1440 729 3 2 900 0.000241232 0.000066349 0.000051054 0.000041695 0.000029263 0.000014247
../functions/dot_product_3.hpp 2179 1440 729 3 2179 1440 729 3 2179 1440 729 3 2179 1440 729 3 2179 1440 729 3 2179 1440 729 3 4 900 0.00038685 0.000071168 0.000054336 0.000037994 0.000029054 0.000021022
../functions/dot_product_3.hpp 2179 1440 729 3 2179 1440 729 3 2179 1440 729 3 2179 1440 729 3 2179 1440 729 3 2179 1440 729 3 6 900 0.000583594 0.000086952 0.000063485 0.000040368 0.000019486 0.000013828
../functions/dot_product_3.hpp 2179 1440 729 3 2179 1440 729 3 2179 1440 729 3 2179 1440 729 3 2179 1440 729 3 2179 1440 729 3 8 900 0.0026004 0.000064324 0.000078641 0.000035689 0.000029682 0.00001327
../functions/dot_product_3.hpp 2179 1440 729 3 2179 1440 729 3 2179 1440 729 3 2179 1440 729 3 2179 1440 729 3 2179 1440 729 3 10 900 0.000644356 0.000115099 0.000157701 0.000040648 0.000038483 0.000029613
../functions/dot_product_3.hpp 2179 1440 729 3 2179 1440 729 3 2179 1440 729 3 2179 1440 729 3 2179 1440 729 3 2179 1440 729 3 12 900 0.00117424 0.000108184 0.000117333 0.00004.4908 0.000036946 0.000018857
../functions/dot_product_3.hpp 2179 1440 729 3 2179 1440 729 3 2179 1440 729 3 2179 1440 729 3 2179 1440 729 3 2179 1440 729 3 14 900 0.00109036 0.00015414 0.000126832 0.000049168 0.000041625 0.000025841
../functions/dot_product_3.hpp 2179 1440 729 3 2179 1440 729 3 2179 1440 729 3 2179 1440 729 3 2179 1440 729 3 2179 1440 729 3 16 900 0.0011697 0.000157213 0.000120407 0.000041137 0.000037086 0.00003066
../functions/dot_product_3.hpp 2179 1440 729 3 2179 1440 729 3 2179 1440 729 3 2179 1440 729 3 2179 1440 729 3 2179 1440 729 3 18 900 0.00122634 0.000200235 0.000144431 0.000046933 0.000037784 0.000036737
../functions/dot_product_3.hpp 2179 1440 729 3 2179 1440 729 3 2179 1440 729 3 2179 1440 729 3 2179 1440 729 3 2179 1440 729 3 20 900 0.00175364 0.000209175 0.000132629 0.000059295 0.000046654 0.00003108
../functions/dot_product_3.hpp 2179 1440 729 3 2179 1440 729 3 2179 1440 729 3 2179 1440 729 3 2179 1440 729 3 2179 1440 729 3 22 900 0.00109106 0.000222305 0.000115099 0.000044838 0.000042603 0.000023955
../functions/dot_product_3.hpp 2179 1440 729 3 2179 1440 729 3 2179 1440 729 3 2179 1440 729 3 2179 1440 729 3 2179 1440 729 3 24 900 0.00209231 0.000199467 0.000139054 0.000051054 0.00004379 0.000036527
../functions/dot_product_3.hpp 2179 1440 729 3 2179 1440 729 3 2179 1440 729 3 2179 1440 729 3 2179 1440 729 3 2179 1440 729 3 26 900 0.0019265 0.000239416 0.00014513 0.000059854 0.000042673 0.000020324
../functions/dot_product_3.hpp 2179 1440 729 3 2179 1440 729 3 2179 1440 729 3 2179 1440 729 3 2179 1440 729 3 2179 1440 729 3 28 900 0.00305674 0.000196394 0.000152044 0.000059155 0.000039809 0.000036597
../functions/dot_product_3.hpp 2179 1440 729 3 2179 1440 729 3 2179 1440 729 3 2179 1440 729 3 2179 1440 729 3 2179 1440 729 3 30 900 0.00201506 0.000208896 0.000134095 0.000055454 0.000045606 0.000031428
../functions/dot_product_3.hpp 2179 1440 729 3 2179 1440 729 3 2179 1440 729 3 2179 1440 729 3 2179 1440 729 3 2179 1440 729 3 32 900 0.00240345 0.000243327 0.000141988 0.00005706 0.000037085 0.000029334
../functions/dot_product_4.hpp 1447 720 363 3 1447 720 363 3 1447 720 363 3 1447 720 363 3 1447 720 363 3 1447 720 363 3 1 1200 0.000143175 0.000055873 0.000035689 0.000033105 0.000027587 0.000010825
../functions/dot_product_4.hpp 1447 720 363 3 1447 720 363 3 1447 720 363 3 1447 720 363 3 1447 720 363 3 1447 720 363 3 2 1200 0.000247727 0.000055524 0.000048889 0.000033803 0.00003534 0.000012921
../functions/dot_product_4.hpp 1447 720 363 3 1447 720 363 3 1447 720 363 3 1447 720 363 3 1447 720 363 3 1447 720 363 3 4 1200 0.000331257 0.00007948 0.000078571 0.000041066 0.000031918 0.000026191
../functions/dot_product_4.hpp 1447 720 363 3 1447 720 363 3 1447 720 363 3 1447 720 363 3 1447 720 363 3 1447 720 363 3 6 1200 0.000377771 0.000106158 0.000104622 0.000046584 0.000025073 0.000020534
../functions/dot_product_4.hpp 1447 720 363 3 1447 720 363 3 1447 720 363 3 1447 720 363 3 1447 720 363 3 1447 720 363 3 8 1200 0.000579683 0.000100572 0.000068794 0.00006174 0.000034991 0.000017531
../functions/dot_product_4.hpp 1447 720 363 3 1447 720 363 3 1447 720 363 3 1447 720 363 3 1447 720 363 3 1447 720 363 3 10 1200 0.000776705 0.000112445 0.000113842 0.000051682 0.000036318 0.000028984
../functions/dot_product_4.hpp 1447 720 363 3 1447 720 363 3 1447 720 363 3 1447 720 363 3 1447 720 363 3 1447 720 363 3 12 1200 0.00109113 0.000156096 0.000176698 0.000042044 0.000043022 0.000026051
../functions/dot_product_4.hpp 1447 720 363 3 1447 720 363 3 1447 720 363 3 1447 720 363 3 1447 720 363 3 1447 720 363 3 14 1200 0.00144236 0.000201282 0.000166991 0.000062089 0.000044908 0.000023397
../functions/dot_product_4.hpp 1447 720 363 3 1447 720 363 3 1447 720 363 3 1447 720 363 3 1447 720 363 3 1447 720 363 3 16 1200 0.00128124 0.000198139 0.000153511 0.000058177 0.000026889 0.000021581
../functions/dot_product_4.hpp 1447 720 363 3 1447 720 363 3 1447 720 363 3 1447 720 363 3 1447 720 363 3 1447 720 363 3 18 1200 0.00162493 0.000207359 0.000143803 0.000060273 0.000042534 0.000032755
../functions/dot_product_4.hpp 1447 720 363 3 1447 720 363 3 1447 720 363 3 1447 720 363 3 1447 720 363 3 1447 720 363 3 20 1200 0.00176719 0.000182076 0.000158121 0.000056222 0.000036946 0.000035898
../functions/dot_product_4.hpp 1447 720 363 3 1447 720 363 3 1447 720 363 3 1447 720 363 3 1447 720 363 3 1447 720 363 3 22 1200 0.00203671 0.000165943 0.000197511 0.000059784 0.000036178 0.000023327
../functions/dot_product_4.hpp 1447 720 363 3 1447 720 363 3 1447 720 363 3 1447 720 363 3 1447 720 363 3 1447 720 363 3 24 1200 0.00204118 0.000257295 0.000178374 0.000050984 0.000032267 0.000025492
../functions/dot_product_4.hpp 1447 720 363 3 1447 720 363 3 1447 720 363 3 1447 720 363 3 1447 720 363 3 1447 720 363 3 26 1200 0.00276599 0.000207429 0.000155397 0.000055873 0.000038342 0.000030241
../functions/dot_product_4.hpp 1447 720 363 3 1447 720 363 3 1447 720 363 3 1447 720 363 3 1447 720 363 3 1447 720 363 3 28 1200 0.00246589 0.000276711 0.000167479 0.000060063 0.000046654 0.000033524
../functions/dot_product_4.hpp 1447 720 363 3 1447 720 363 3 1447 720 363 3 1447 720 363 3 1447 720 363 3 1447 720 363 3 30 1200 0.00369838 0.000278248 0.000157003 0.000058597 0.000047283 0.000021861
../functions/dot_product_4.hpp 1447 720 363 3 1447 720 363 3 1447 720 363 3 1447 720 363 3 1447 720 363 3 1447 720 363 3 32 1200 0.00350952 0.000322318 0.000174533 0.000059505 0.0000396 0.0000308
../functions/dot_product.hpp 403 200 101 1 403 200 101 1 403 200 101 1 403 200 101 1 403 200 101 1 403 200 101 1 1 1000 0.000143174 0.000059435 0.000038413 0.000036946 0.000036317 0.000013758
../functions/dot_product.hpp 403 200 101 1 403 200 101 1 403 200 101 1 403 200 101 1 403 200 101 1 403 200 101 1 2 1000 0.00019814 0.000078851 0.000045955 0.000041486 0.000037226 0.00001341
../functions/dot_product.hpp 403 200 101 1 403 200 101 1 403 200 101 1 403 200 101 1 403 200 101 1 403 200 101 1 4 1000 0.000297524 0.000078222 0.000072355 0.000035898 0.000034851 0.000015295
../functions/dot_product.hpp 403 200 101 1 403 200 101 1 403 200 101 1 403 200 101 1 403 200 101 1 403 200 101 1 6 1000 0.000615301 0.000087371 0.000078571 0.000042393 0.00002207 0.000014248
../functions/dot_product.hpp 403 200 101 1 403 200 101 1 403 200 101 1 403 200 101 1 403 200 101 1 403 200 101 1 8 1000 0.00062473 0.000143175 0.000072845 0.00003946 0.000033315 0.000024933
../functions/dot_product.hpp 403 200 101 1 403 200 101 1 403 200 101 1 403 200 101 1 403 200 101 1 403 200 101 1 10 1000 0.000795352 0.000132 0.000129556 0.000043442 0.00003066 0.000034851
../functions/dot_product.hpp 403 200 101 1 403 200 101 1 403 200 101 1 403 200 101 1 403 200 101 1 403 200 101 1 12 1000 0.000899905 0.000152533 0.000146317 0.00004379 0.000033594 0.000020742
../functions/dot_product.hpp 403 200 101 1 403 200 101 1 403 200 101 1 403 200 101 1 403 200 101 1 403 200 101 1 14 1000 0.000917575 0.000128019 0.000137727 0.000040229 0.000037435 0.000017809
../functions/dot_product.hpp 403 200 101 1 403 200 101 1 403 200 101 1 403 200 101 1 403 200 101 1 403 200 101 1 16 1000 0.00144655 0.000152883 0.000156025 0.000051962 0.000034642 0.000033244
../functions/dot_product.hpp 403 200 101 1 403 200 101 1 403 200 101 1 403 200 101 1 403 200 101 1 403 200 101 1 18 1000 0.00189535 0.00014925 0.000147714 0.000056083 0.000031009 0.000034571
../functions/dot_product.hpp 403 200 101 1 403 200 101 1 403 200 101 1 403 200 101 1 403 200 101 1 403 200 101 1 20 1000 0.0018202 0.000252616 0.000154139 0.000051124 0.000042743 0.000027168
../functions/dot_product.hpp 403 200 101 1 403 200 101 1 403 200 101 1 403 200 101 1 403 200 101 1 403 200 101 1 22 1000 0.00132468 0.000231454 0.000154908 0.000050984 0.000038203 0.000024514
../functions/dot_product.hpp 403 200 101 1 403 200 101 1 403 200 101 1 403 200 101 1 403 200 101 1 403 200 101 1 24 1000 0.0107862 0.000257854 0.000170343 0.000042393 0.000029054 0.00003108
../functions/dot_product.hpp 403 200 101 1 403 200 101 1 403 200 101 1 403 200 101 1 403 200 101 1 403 200 101 1 26 1000 0.00283528 0.000240882 0.000169435 0.000062229 0.000047911 0.000031429
../functions/dot_product.hpp 403 200 101 1 403 200 101 1 403 200 101 1 403 200 101 1 403 200 101 1 403 200 101 1 28 1000 0.00311192 0.000228451 0.00016706 0.000051193 0.000046654 0.000037225
../functions/dot_product.hpp 403 200 101 1 403 200 101 1 403 200 101 1 403 200 101 1 403 200 101 1 403 200 101 1 30 1000 0.00214692 0.000277619 0.000170552 0.000055384 0.000046863 0.000022838
../functions/dot_product.hpp 403 200 101 1 403 200 101 1 403 200 101 1 403 200 101 1 403 200 101 1 403 200 101 1 32 1000 0.00323288 0.000197581 0.000176978 0.000051962 0.000050495 0.00003967
../functions/mat_mat_1.hpp 27009015 13500002 6754507 3 27009015 13500002 6754507 3 27009015 13500002 6754507 3 27009015 13500002 6754507 3 27009015 13500002 6754507 3 27009015 13500002 6754507 3 1 1500 90.6897 88.7696 88.6666 90.1609 88.5966 88.4579
../functions/mat_mat_1.hpp 27009015 13500002 6754507 3 27009015 13500002 6754507 3 27009015 13500002 6754507 3 27009015 13500002 6754507 3 27009015 13500002 6754507 3 27009015 13500002 6754507 3 2 1500 43.1729 44.817 48.048 46.2415 46.1563 77.253
../functions/mat_mat_1.hpp 27009015 13500002 6754507 3 27009015 13500002 6754507 3 27009015 13500002 6754507 3 27009015 13500002 6754507 3 27009015 13500002 6754507 3 27009015 13500002 6754507 3 4 1500 23.6383 25.9577 25.9484 25.1109 32.8327 80.632
../functions/mat_mat_1.hpp 27009015 13500002 6754507 3 27009015 13500002 6754507 3 27009015 13500002 6754507 3 27009015 13500002 6754507 3 27009015 13500002 6754507 3 27009015 13500002 6754507 3 6 1500 17.1283 17.3204 20.6665 17.6236 27.9187 80.4703
../functions/mat_mat_1.hpp 27009015 13500002 6754507 3 27009015 13500002 6754507 3 27009015 13500002 6754507 3 27009015 13500002 6754507 3 27009015 13500002 6754507 3 27009015 13500002 6754507 3 8 1500 13.0566 14.0344 14.0599 17.7367 17.8298 81.0564
../functions/mat_mat_1.hpp 27009015 13500002 6754507 3 27009015 13500002 6754507 3 27009015 13500002 6754507 3 27009015 13500002 6754507 3 27009015 13500002 6754507 3 27009015 13500002 6754507 3 10 1500 10.3236 10.5587 10.6334 17.3313 17.3522 84.58
../functions/mat_mat_1.hpp 27009015 13500002 6754507 3 27009015 13500002 6754507 3 27009015 13500002 6754507 3 27009015 13500002 6754507 3 27009015 13500002 6754507 3 27009015 13500002 6754507 3 12 1500 8.7863 10.4172 10.5644 17.9766 16.8451 83.3737
../functions/mat_mat_1.hpp 27009015 13500002 6754507 3 27009015 13500002 6754507 3 27009015 13500002 6754507 3 27009015 13500002 6754507 3 27009015 13500002 6754507 3 27009015 13500002 6754507 3 14 1500 7.6253 7.97744 10.117 17.1809 17.3713 81.3675
../functions/mat_mat_1.hpp 27009015 13500002 6754507 3 27009015 13500002 6754507 3 27009015 13500002 6754507 3 27009015 13500002 6754507 3 27009015 13500002 6754507 3 27009015 13500002 6754507 3 16 1500 6.6923 7.14903 7.10324 17.4834 18.1724 82.9565
../functions/mat_mat_1.hpp 27009015 13500002 6754507 3 27009015 13500002 6754507 3 27009015 13500002 6754507 3 27009015 13500002 6754507 3 27009015 13500002 6754507 3 27009015 13500002 6754507 3 18 1500 8.51132 8.47208 8.44476 18.7408 18.7453 84.2764
../functions/mat_mat_1.hpp 27009015 13500002 6754507 3 27009015 13500002 6754507 3 27009015 13500002 6754507 3 27009015 13500002 6754507 3 27009015 13500002 6754507 3 27009015 13500002 6754507 3 20 1500 7.75911 8.24608 8.59856 9.73119 19.3622 81.5409
../functions/mat_mat_1.hpp 27009015 13500002 6754507 3 27009015 13500002 6754507 3 27009015 13500002 6754507 3 27009015 13500002 6754507 3 27009015 13500002 6754507 3 27009015 13500002 6754507 3 22 1500 8.3844 8.0828 7.11448 17.6943 18.192 86.1109
../functions/mat_mat_1.hpp 27009015 13500002 6754507 3 27009015 13500002 6754507 3 27009015 13500002 6754507 3 27009015 13500002 6754507 3 27009015 13500002 6754507 3 27009015 13500002 6754507 3 24 1500 8.31453 8.27417 9.95195 16.5066 32.3945 86.8186
../functions/mat_mat_1.hpp 27009015 13500002 6754507 3 27009015 13500002 6754507 3 27009015 13500002 6754507 3 27009015 13500002 6754507 3 27009015 13500002 6754507 3 27009015 13500002 6754507 3 26 1500 8.28362 9.94004 6.83089 25.5942 19.1455 80.1353
../functions/mat_mat_1.hpp 27009015 13500002 6754507 3 27009015 13500002 6754507 3 27009015 13500002 6754507 3 27009015 13500002 6754507 3 27009015 13500002 6754507 3 27009015 13500002 6754507 3 28 1500 7.2791 8.71727 7.89861 20.862 18.7503 86.2708
../functions/mat_mat_1.hpp 27009015 13500002 6754507 3 27009015 13500002 6754507 3 27009015 13500002 6754507 3 27009015 13500002 6754507 3 27009015 13500002 6754507 3 27009015 13500002 6754507 3 30 1500 7.30324 6.71634 6.70637 26.5436 32.262 89.3516
../functions/mat_mat_1.hpp 27009015 13500002 6754507 3 27009015 13500002 6754507 3 27009015 13500002 6754507 3 27009015 13500002 6754507 3 27009015 13500002 6754507 3 27009015 13500002 6754507 3 32 1500 6.40112 6.76978 6.81582 25.1723 31.6727 82.9134
../functions/mat_mat_2.hpp 11524808 5760000 2882404 3 11524808 5760000 2882404 3 11524808 5760000 2882404 3 11524808 5760000 2882404 3 11524808 5760000 2882404 3 11524808 5760000 2882404 3 1 1200 26.8578 26.6802 26.6257 26.6305 26.6652 26.6855
../functions/mat_mat_2.hpp 11524808 5760000 2882404 3 11524808 5760000 2882404 3 11524808 5760000 2882404 3 11524808 5760000 2882404 3 11524808 5760000 2882404 3 11524808 5760000 2882404 3 2 1200 13.7669 14.2459 14.1649 15.0835 18.2823 27.0184
../functions/mat_mat_2.hpp 11524808 5760000 2882404 3 11524808 5760000 2882404 3 11524808 5760000 2882404 3 11524808 5760000 2882404 3 11524808 5760000 2882404 3 11524808 5760000 2882404 3 4 1200 7.61388 5.70186 4.32973 5.41697 5.47616 15.5699
../functions/mat_mat_2.hpp 11524808 5760000 2882404 3 11524808 5760000 2882404 3 11524808 5760000 2882404 3 11524808 5760000 2882404 3 11524808 5760000 2882404 3 11524808 5760000 2882404 3 6 1200 5.42998 5.51896 4.2644 3.90204 7.40268 15.795
../functions/mat_mat_2.hpp 11524808 5760000 2882404 3 11524808 5760000 2882404 3 11524808 5760000 2882404 3 11524808 5760000 2882404 3 11524808 5760000 2882404 3 11524808 5760000 2882404 3 8 1200 4.20158 4.2524 4.25362 7.09606 7.23501 28.9942
../functions/mat_mat_2.hpp 11524808 5760000 2882404 3 11524808 5760000 2882404 3 11524808 5760000 2882404 3 11524808 5760000 2882404 3 11524808 5760000 2882404 3 11524808 5760000 2882404 3 10 1200 3.35044 4.23186 4.30564 3.74037 10.5099 29.038
../functions/mat_mat_2.hpp 11524808 5760000 2882404 3 11524808 5760000 2882404 3 11524808 5760000 2882404 3 11524808 5760000 2882404 3 11524808 5760000 2882404 3 11524808 5760000 2882404 3 12 1200 2.90217 2.83256 2.8323 6.96874 6.96314 29.0244
../functions/mat_mat_2.hpp 11524808 5760000 2882404 3 11524808 5760000 2882404 3 11524808 5760000 2882404 3 11524808 5760000 2882404 3 11524808 5760000 2882404 3 11524808 5760000 2882404 3 14 1200 2.46507 2.84442 2.8328 7.02362 7.09114 28.5769
../functions/mat_mat_2.hpp 11524808 5760000 2882404 3 11524808 5760000 2882404 3 11524808 5760000 2882404 3 11524808 5760000 2882404 3 11524808 5760000 2882404 3 11524808 5760000 2882404 3 16 1200 2.25934 2.17899 2.14667 7.05394 7.21888 29.955
../functions/mat_mat_2.hpp 11524808 5760000 2882404 3 11524808 5760000 2882404 3 11524808 5760000 2882404 3 11524808 5760000 2882404 3 11524808 5760000 2882404 3 11524808 5760000 2882404 3 18 1200 2.8647 2.80929 2.80312 7.09664 8.04084 29.7528
../functions/mat_mat_2.hpp 11524808 5760000 2882404 3 11524808 5760000 2882404 3 11524808 5760000 2882404 3 11524808 5760000 2882404 3 11524808 5760000 2882404 3 11524808 5760000 2882404 3 20 1200 2.66113 2.82909 2.8427 7.65398 10.6923 31.7858
../functions/mat_mat_2.hpp 11524808 5760000 2882404 3 11524808 5760000 2882404 3 11524808 5760000 2882404 3 11524808 5760000 2882404 3 11524808 5760000 2882404 3 11524808 5760000 2882404 3 22 1200 2.99632 2.80056 2.81113 10.3301 13.3432 30.7284
../functions/mat_mat_2.hpp 11524808 5760000 2882404 3 11524808 5760000 2882404 3 11524808 5760000 2882404 3 11524808 5760000 2882404 3 11524808 5760000 2882404 3 11524808 5760000 2882404 3 24 1200 2.90513 2.79965 2.80847 8.01883 7.09895 31.627
../functions/mat_mat_2.hpp 11524808 5760000 2882404 3 11524808 5760000 2882404 3 11524808 5760000 2882404 3 11524808 5760000 2882404 3 11524808 5760000 2882404 3 11524808 5760000 2882404 3 26 1200 2.65026 2.78849 2.81459 7.03351 7.98693 28.9228
../functions/mat_mat_2.hpp 11524808 5760000 2882404 3 11524808 5760000 2882404 3 11524808 5760000 2882404 3 11524808 5760000 2882404 3 11524808 5760000 2882404 3 11524808 5760000 2882404 3 28 1200 2.64147 2.80288 2.81412 7.51702 8.0286 31.6053
../functions/mat_mat_2.hpp 11524808 5760000 2882404 3 11524808 5760000 2882404 3 11524808 5760000 2882404 3 11524808 5760000 2882404 3 11524808 5760000 2882404 3 11524808 5760000 2882404 3 30 1200 2.23427 2.54302 2.80206 7.07516 11.4358 36.3851
../functions/mat_mat_2.hpp 11524808 5760000 2882404 3 11524808 5760000 2882404 3 11524808 5760000 2882404 3 11524808 5760000 2882404 3 11524808 5760000 2882404 3 11524808 5760000 2882404 3 32 1200 2.24356 2.12312 2.80989 4.11596 13.0542 30.7476
../functions/mat_mat2.hpp 1001004 500000 250502 2 1001004 500000 250502 2 1001004 500000 250502 2 1001004 500000 250502 2 1001004 500000 250502 2 1001004 500000 250502 2 1 500 0.820899 0.622713 0.609174 0.598348 0.598325 0.597349
../functions/mat_mat2.hpp 1001004 500000 250502 2 1001004 500000 250502 2 1001004 500000 250502 2 1001004 500000 250502 2 1001004 500000 250502 2 1001004 500000 250502 2 2 500 0.373715 0.360133 0.320225 0.320571 0.320056 0.635537
../functions/mat_mat2.hpp 1001004 500000 250502 2 1001004 500000 250502 2 1001004 500000 250502 2 1001004 500000 250502 2 1001004 500000 250502 2 1001004 500000 250502 2 4 500 0.225224 0.202516 0.233869 0.199433 0.344629 0.646427
../functions/mat_mat2.hpp 1001004 500000 250502 2 1001004 500000 250502 2 1001004 500000 250502 2 1001004 500000 250502 2 1001004 500000 250502 2 1001004 500000 250502 2 6 500 0.159771 0.142607 0.151194 0.333278 0.366911 0.676993
../functions/mat_mat2.hpp 1001004 500000 250502 2 1001004 500000 250502 2 1001004 500000 250502 2 1001004 500000 250502 2 1001004 500000 250502 2 1001004 500000 250502 2 8 500 0.13113 0.118268 0.117211 0.199855 0.386959 0.703357
../functions/mat_mat2.hpp 1001004 500000 250502 2 1001004 500000 250502 2 1001004 500000 250502 2 1001004 500000 250502 2 1001004 500000 250502 2 1001004 500000 250502 2 10 500 0.112923 0.084882 0.0844093 0.215748 0.404928 0.63175
../functions/mat_mat2.hpp 1001004 500000 250502 2 1001004 500000 250502 2 1001004 500000 250502 2 1001004 500000 250502 2 1001004 500000 250502 2 1001004 500000 250502 2 12 500 0.0931552 0.0792724 0.0854547 0.216077 0.394403 0.666974
../functions/mat_mat2.hpp 1001004 500000 250502 2 1001004 500000 250502 2 1001004 500000 250502 2 1001004 500000 250502 2 1001004 500000 250502 2 1001004 500000 250502 2 14 500 0.0872911 0.0650261 0.0852724 0.203005 0.398472 0.720019
../functions/mat_mat2.hpp 1001004 500000 250502 2 1001004 500000 250502 2 1001004 500000 250502 2 1001004 500000 250502 2 1001004 500000 250502 2 1001004 500000 250502 2 16 500 0.0700968 0.0644455 0.0861044 0.204873 0.386964 0.75202
../functions/mat_mat2.hpp 1001004 500000 250502 2 1001004 500000 250502 2 1001004 500000 250502 2 1001004 500000 250502 2 1001004 500000 250502 2 1001004 500000 250502 2 18 500 0.0755285 0.0841413 0.113368 0.294246 0.63287 1.21834
../functions/mat_mat2.hpp 1001004 500000 250502 2 1001004 500000 250502 2 1001004 500000 250502 2 1001004 500000 250502 2 1001004 500000 250502 2 1001004 500000 250502 2 20 500 0.103962 0.0828121 0.153048 0.382797 0.705689 1.2701
../functions/mat_mat2.hpp 1001004 500000 250502 2 1001004 500000 250502 2 1001004 500000 250502 2 1001004 500000 250502 2 1001004 500000 250502 2 1001004 500000 250502 2 22 500 0.0816884 0.0800949 0.151811 0.351851 0.626115 1.10724
../functions/mat_mat2.hpp 1001004 500000 250502 2 1001004 500000 250502 2 1001004 500000 250502 2 1001004 500000 250502 2 1001004 500000 250502 2 1001004 500000 250502 2 24 500 0.0983272 0.0820363 0.153875 0.289791 0.392502 1.22616
../functions/mat_mat2.hpp 1001004 500000 250502 2 1001004 500000 250502 2 1001004 500000 250502 2 1001004 500000 250502 2 1001004 500000 250502 2 1001004 500000 250502 2 26 500 0.101178 0.0811541 0.151569 0.376663 0.704435 1.27343
../functions/mat_mat2.hpp 1001004 500000 250502 2 1001004 500000 250502 2 1001004 500000 250502 2 1001004 500000 250502 2 1001004 500000 250502 2 1001004 500000 250502 2 28 500 0.0719761 0.0835892 0.15313 0.367686 0.603964 1.17025
../functions/mat_mat2.hpp 1001004 500000 250502 2 1001004 500000 250502 2 1001004 500000 250502 2 1001004 500000 250502 2 1001004 500000 250502 2 1001004 500000 250502 2 30 500 0.0811753 0.0866223 0.153823 0.403975 0.722396 1.35036
../functions/mat_mat2.hpp 1001004 500000 250502 2 1001004 500000 250502 2 1001004 500000 250502 2 1001004 500000 250502 2 1001004 500000 250502 2 1001004 500000 250502 2 32 500 0.0699342 0.0860176 0.169707 0.369342 0.661585 1.13368
../functions/mat_mat_3.hpp 4861804 3240000 1620902 2 4861804 3240000 1620902 2 4861804 3240000 1620902 2 4861804 3240000 1620902 2 4861804 3240000 1620902 2 4861804 3240000 1620902 2 1 900 5.88441 5.66957 5.66824 5.69056 5.66848 5.72163
../functions/mat_mat_3.hpp 4861804 3240000 1620902 2 4861804 3240000 1620902 2 4861804 3240000 1620902 2 4861804 3240000 1620902 2 4861804 3240000 1620902 2 4861804 3240000 1620902 2 2 900 3.07278 2.98219 3.26136 3.25792 3.42645 5.89092
../functions/mat_mat_3.hpp 4861804 3240000 1620902 2 4861804 3240000 1620902 2 4861804 3240000 1620902 2 4861804 3240000 1620902 2 4861804 3240000 1620902 2 4861804 3240000 1620902 2 4 900 1.75835 1.87613 1.63659 1.8542 1.90434 6.05117
../functions/mat_mat_3.hpp 4861804 3240000 1620902 2 4861804 3240000 1620902 2 4861804 3240000 1620902 2 4861804 3240000 1620902 2 4861804 3240000 1620902 2 4861804 3240000 1620902 2 6 900 1.22628 1.16881 1.1606 1.7242 2.08563 6.31283
../functions/mat_mat_3.hpp 4861804 3240000 1620902 2 4861804 3240000 1620902 2 4861804 3240000 1620902 2 4861804 3240000 1620902 2 4861804 3240000 1620902 2 4861804 3240000 1620902 2 8 900 0.987743 0.899922 1.1897 1.02085 2.01468 6.57487
../functions/mat_mat_3.hpp 4861804 3240000 1620902 2 4861804 3240000 1620902 2 4861804 3240000 1620902 2 4861804 3240000 1620902 2 4861804 3240000 1620902 2 4861804 3240000 1620902 2 10 900 0.813737 0.801628 0.795485 1.88504 2.12334 6.64157
../functions/mat_mat_3.hpp 4861804 3240000 1620902 2 4861804 3240000 1620902 2 4861804 3240000 1620902 2 4861804 3240000 1620902 2 4861804 3240000 1620902 2 4861804 3240000 1620902 2 12 900 0.75909 0.830452 0.639403 1.86977 2.11909 5.89838
../functions/mat_mat_3.hpp 4861804 3240000 1620902 2 4861804 3240000 1620902 2 4861804 3240000 1620902 2 4861804 3240000 1620902 2 4861804 3240000 1620902 2 4861804 3240000 1620902 2 14 900 0.635506 0.61414 0.600836 1.97351 2.15764 6.74845
../functions/mat_mat_3.hpp 4861804 3240000 1620902 2 4861804 3240000 1620902 2 4861804 3240000 1620902 2 4861804 3240000 1620902 2 4861804 3240000 1620902 2 4861804 3240000 1620902 2 16 900 0.59397 0.618718 0.601453 1.02473 2.12135 6.80424
../functions/mat_mat_3.hpp 4861804 3240000 1620902 2 4861804 3240000 1620902 2 4861804 3240000 1620902 2 4861804 3240000 1620902 2 4861804 3240000 1620902 2 4861804 3240000 1620902 2 18 900 0.604266 0.762492 0.796687 2.10656 2.90659 8.43478
../functions/mat_mat_3.hpp 4861804 3240000 1620902 2 4861804 3240000 1620902 2 4861804 3240000 1620902 2 4861804 3240000 1620902 2 4861804 3240000 1620902 2 4861804 3240000 1620902 2 20 900 0.596447 0.598858 0.784026 1.52534 2.9596 6.68335
../functions/mat_mat_3.hpp 4861804 3240000 1620902 2 4861804 3240000 1620902 2 4861804 3240000 1620902 2 4861804 3240000 1620902 2 4861804 3240000 1620902 2 4861804 3240000 1620902 2 22 900 0.58924 0.592937 0.774655 1.981 2.54969 6.47002
../functions/mat_mat_3.hpp 4861804 3240000 1620902 2 4861804 3240000 1620902 2 4861804 3240000 1620902 2 4861804 3240000 1620902 2 4861804 3240000 1620902 2 4861804 3240000 1620902 2 24 900 0.654925 0.595232 0.776411 1.97166 3.91189 8.14033
../functions/mat_mat_3.hpp 4861804 3240000 1620902 2 4861804 3240000 1620902 2 4861804 3240000 1620902 2 4861804 3240000 1620902 2 4861804 3240000 1620902 2 4861804 3240000 1620902 2 26 900 0.648871 0.594506 0.777442 1.98884 2.87319 8.00003
../functions/mat_mat_3.hpp 4861804 3240000 1620902 2 4861804 3240000 1620902 2 4861804 3240000 1620902 2 4861804 3240000 1620902 2 4861804 3240000 1620902 2 4861804 3240000 1620902 2 28 900 0.633566 0.597643 0.76113 2.30484 2.67677 7.78061
../functions/mat_mat_3.hpp 4861804 3240000 1620902 2 4861804 3240000 1620902 2 4861804 3240000 1620902 2 4861804 3240000 1620902 2 4861804 3240000 1620902 2 4861804 3240000 1620902 2 30 900 0.529075 0.597567 0.745501 3.23582 3.22026 10.6047
../functions/mat_mat_3.hpp 4861804 3240000 1620902 2 4861804 3240000 1620902 2 4861804 3240000 1620902 2 4861804 3240000 1620902 2 4861804 3240000 1620902 2 4861804 3240000 1620902 2 32 900 0.524336 0.58459 0.761092 1.95497 2.72468 7.48166
../functions/mat_mat3.hpp 40204 20000 10102 2 40204 20000 10102 2 40204 20000 10102 2 40204 20000 10102 2 40204 20000 10102 2 40204 20000 10102 2 1 100 0.00731099 0.00707066 0.00669631 0.00640961 0.00621986 0.00599818
../functions/mat_mat3.hpp 40204 20000 10102 2 40204 20000 10102 2 40204 20000 10102 2 40204 20000 10102 2 40204 20000 10102 2 40204 20000 10102 2 2 100 0.00463746 0.00404514 0.0037613 0.00712018 0.00669303 0.00665518
../functions/mat_mat3.hpp 40204 20000 10102 2 40204 20000 10102 2 40204 20000 10102 2 40204 20000 10102 2 40204 20000 10102 2 40204 20000 10102 2 4 100 0.00248265 0.00207394 0.00360758 0.00711662 0.0066417 0.00654497
../functions/mat_mat3.hpp 40204 20000 10102 2 40204 20000 10102 2 40204 20000 10102 2 40204 20000 10102 2 40204 20000 10102 2 40204 20000 10102 2 6 100 0.00165482 0.00206199 0.00405499 0.00721635 0.00695277 0.00668402
../functions/mat_mat3.hpp 40204 20000 10102 2 40204 20000 10102 2 40204 20000 10102 2 40204 20000 10102 2 40204 20000 10102 2 40204 20000 10102 2 8 100 0.00139222 0.00175798 0.00294004 0.00715056 0.00703036 0.00667075
../functions/mat_mat3.hpp 40204 20000 10102 2 40204 20000 10102 2 40204 20000 10102 2 40204 20000 10102 2 40204 20000 10102 2 40204 20000 10102 2 10 100 0.001345 0.00110279 0.00207994 0.00743125 0.00719344 0.00665483
../functions/mat_mat3.hpp 40204 20000 10102 2 40204 20000 10102 2 40204 20000 10102 2 40204 20000 10102 2 40204 20000 10102 2 40204 20000 10102 2 12 100 0.00113576 0.00111096 0.00205941 0.00733955 0.00711906 0.00671007
../functions/mat_mat3.hpp 40204 20000 10102 2 40204 20000 10102 2 40204 20000 10102 2 40204 20000 10102 2 40204 20000 10102 2 40204 20000 10102 2 14 100 0.00160656 0.00207121 0.00203559 0.00720734 0.00710712 0.00664477
../functions/mat_mat3.hpp 40204 20000 10102 2 40204 20000 10102 2 40204 20000 10102 2 40204 20000 10102 2 40204 20000 10102 2 40204 20000 10102 2 16 100 0.00151807 0.002065 0.00208602 0.00747826 0.00720441 0.00668528
../functions/mat_mat3.hpp 40204 20000 10102 2 40204 20000 10102 2 40204 20000 10102 2 40204 20000 10102 2 40204 20000 10102 2 40204 20000 10102 2 18 100 0.00243187 0.00111292 0.00332005 0.00726042 0.005761 0.011071
../functions/mat_mat3.hpp 40204 20000 10102 2 40204 20000 10102 2 40204 20000 10102 2 40204 20000 10102 2 40204 20000 10102 2 40204 20000 10102 2 20 100 0.00170601 0.00253042 0.00208511 0.00748755 0.00694914 0.00672753
../functions/mat_mat3.hpp 40204 20000 10102 2 40204 20000 10102 2 40204 20000 10102 2 40204 20000 10102 2 40204 20000 10102 2 40204 20000 10102 2 22 100 0.00135688 0.00119519 0.00588434 0.00719407 0.0109787 0.00675212
../functions/mat_mat3.hpp 40204 20000 10102 2 40204 20000 10102 2 40204 20000 10102 2 40204 20000 10102 2 40204 20000 10102 2 40204 20000 10102 2 24 100 0.00195982 0.00164832 0.00308831 0.0113315 0.0108906 0.00627056
../functions/mat_mat3.hpp 40204 20000 10102 2 40204 20000 10102 2 40204 20000 10102 2 40204 20000 10102 2 40204 20000 10102 2 40204 20000 10102 2 26 100 0.00600747 0.0016961 0.00328659 0.0109251 0.00670791 0.009366
../functions/mat_mat3.hpp 40204 20000 10102 2 40204 20000 10102 2 40204 20000 10102 2 40204 20000 10102 2 40204 20000 10102 2 40204 20000 10102 2 28 100 0.0016866 0.0017901 0.00304997 0.00672977 0.0101908 0.00674353
../functions/mat_mat3.hpp 40204 20000 10102 2 40204 20000 10102 2 40204 20000 10102 2 40204 20000 10102 2 40204 20000 10102 2 40204 20000 10102 2 30 100 0.0039834 0.00176719 0.00278269 0.0101843 0.00569388 0.00908481
../functions/mat_mat3.hpp 40204 20000 10102 2 40204 20000 10102 2 40204 20000 10102 2 40204 20000 10102 2 40204 20000 10102 2 40204 20000 10102 2 32 100 0.00175609 0.00166991 0.00344471 0.0113531 0.0108107 0.0098618
../functions/mat_mat_4.hpp 12004008 8000000 4002004 3 12004008 8000000 4002004 3 12004008 8000000 4002004 3 12004008 8000000 4002004 3 12004008 8000000 4002004 3 12004008 8000000 4002004 3 1 1000 15.6554 15.4904 15.4772 15.4338 15.4513 15.4161
../functions/mat_mat_4.hpp 12004008 8000000 4002004 3 12004008 8000000 4002004 3 12004008 8000000 4002004 3 12004008 8000000 4002004 3 12004008 8000000 4002004 3 12004008 8000000 4002004 3 2 1000 8.1164 8.22537 8.1943 8.34474 8.51307 15.6667
../functions/mat_mat_4.hpp 12004008 8000000 4002004 3 12004008 8000000 4002004 3 12004008 8000000 4002004 3 12004008 8000000 4002004 3 12004008 8000000 4002004 3 12004008 8000000 4002004 3 4 1000 4.59037 4.50883 5.16982 4.8011 7.91163 16.2262
../functions/mat_mat_4.hpp 12004008 8000000 4002004 3 12004008 8000000 4002004 3 12004008 8000000 4002004 3 12004008 8000000 4002004 3 12004008 8000000 4002004 3 12004008 8000000 4002004 3 6 1000 3.17866 3.85556 3.94456 4.97659 4.91727 16.5714
../functions/mat_mat_4.hpp 12004008 8000000 4002004 3 12004008 8000000 4002004 3 12004008 8000000 4002004 3 12004008 8000000 4002004 3 12004008 8000000 4002004 3 12004008 8000000 4002004 3 8 1000 2.48723 2.92715 2.96611 2.6214 8.29149 17.0807
../functions/mat_mat_4.hpp 12004008 8000000 4002004 3 12004008 8000000 4002004 3 12004008 8000000 4002004 3 12004008 8000000 4002004 3 12004008 8000000 4002004 3 12004008 8000000 4002004 3 10 1000 2.0434 1.9655 1.9632 4.23761 5.02854 16.9011
../functions/mat_mat_4.hpp 12004008 8000000 4002004 3 12004008 8000000 4002004 3 12004008 8000000 4002004 3 12004008 8000000 4002004 3 12004008 8000000 4002004 3 12004008 8000000 4002004 3 12 1000 1.74117 1.95983 1.98733 4.70934 5.03327 17.1046
../functions/mat_mat_4.hpp 12004008 8000000 4002004 3 12004008 8000000 4002004 3 12004008 8000000 4002004 3 12004008 8000000 4002004 3 12004008 8000000 4002004 3 12004008 8000000 4002004 3 14 1000 1.43808 1.47033 1.47638 4.81412 4.87918 17.1529
../functions/mat_mat_4.hpp 12004008 8000000 4002004 3 12004008 8000000 4002004 3 12004008 8000000 4002004 3 12004008 8000000 4002004 3 12004008 8000000 4002004 3 12004008 8000000 4002004 3 16 1000 1.31207 1.47587 1.48213 2.52253 5.0289 17.235
../functions/mat_mat_4.hpp 12004008 8000000 4002004 3 12004008 8000000 4002004 3 12004008 8000000 4002004 3 12004008 8000000 4002004 3 12004008 8000000 4002004 3 12004008 8000000 4002004 3 18 1000 1.96106 1.91519 1.91738 4.51246 9.64086 20.3317
../functions/mat_mat_4.hpp 12004008 8000000 4002004 3 12004008 8000000 4002004 3 12004008 8000000 4002004 3 12004008 8000000 4002004 3 12004008 8000000 4002004 3 12004008 8000000 4002004 3 20 1000 1.60202 1.46041 1.91556 3.79579 9.91688 16.9555
../functions/mat_mat_4.hpp 12004008 8000000 4002004 3 12004008 8000000 4002004 3 12004008 8000000 4002004 3 12004008 8000000 4002004 3 12004008 8000000 4002004 3 12004008 8000000 4002004 3 22 1000 1.77191 1.43707 1.90513 4.75904 5.90412 16.5825
../functions/mat_mat_4.hpp 12004008 8000000 4002004 3 12004008 8000000 4002004 3 12004008 8000000 4002004 3 12004008 8000000 4002004 3 12004008 8000000 4002004 3 12004008 8000000 4002004 3 24 1000 1.7819 1.91288 1.9161 6.23523 4.99434 16.7022
../functions/mat_mat_4.hpp 12004008 8000000 4002004 3 12004008 8000000 4002004 3 12004008 8000000 4002004 3 12004008 8000000 4002004 3 12004008 8000000 4002004 3 12004008 8000000 4002004 3 26 1000 1.53702 1.443 1.91045 6.28696 6.24829 17.1377
../functions/mat_mat_4.hpp 12004008 8000000 4002004 3 12004008 8000000 4002004 3 12004008 8000000 4002004 3 12004008 8000000 4002004 3 12004008 8000000 4002004 3 12004008 8000000 4002004 3 28 1000 1.48862 1.44464 1.92797 4.64025 9.03562 19.6904
../functions/mat_mat_4.hpp 12004008 8000000 4002004 3 12004008 8000000 4002004 3 12004008 8000000 4002004 3 12004008 8000000 4002004 3 12004008 8000000 4002004 3 12004008 8000000 4002004 3 30 1000 1.50157 1.44425 1.91484 4.94481 7.66176 25.2365
../functions/mat_mat_4.hpp 12004008 8000000 4002004 3 12004008 8000000 4002004 3 12004008 8000000 4002004 3 12004008 8000000 4002004 3 12004008 8000000 4002004 3 12004008 8000000 4002004 3 32 1000 1.27346 1.44482 1.96283 5.99478 9.04267 18.8402
../functions/mat_mat4.hpp 60204 40000 20102 2 60204 40000 20102 2 60204 40000 20102 2 60204 40000 20102 2 60204 40000 20102 2 60204 40000 20102 2 1 100 0.0153144 0.0142716 0.0137504 0.0127488 0.0119887 0.0115246
../functions/mat_mat4.hpp 60204 40000 20102 2 60204 40000 20102 2 60204 40000 20102 2 60204 40000 20102 2 60204 40000 20102 2 60204 40000 20102 2 2 100 0.00919426 0.00797532 0.00739927 0.0135227 0.0125797 0.0118186
../functions/mat_mat4.hpp 60204 40000 20102 2 60204 40000 20102 2 60204 40000 20102 2 60204 40000 20102 2 60204 40000 20102 2 60204 40000 20102 2 4 100 0.00494106 0.0042717 0.00739235 0.0150244 0.0138359 0.0128538
../functions/mat_mat4.hpp 60204 40000 20102 2 60204 40000 20102 2 60204 40000 20102 2 60204 40000 20102 2 60204 40000 20102 2 60204 40000 20102 2 6 100 0.00331474 0.00439281 0.00593588 0.00746268 0.0147424 0.0138044
../functions/mat_mat4.hpp 60204 40000 20102 2 60204 40000 20102 2 60204 40000 20102 2 60204 40000 20102 2 60204 40000 20102 2 60204 40000 20102 2 8 100 0.0028181 0.00419655 0.00405107 0.0146981 0.0142705 0.0133333
../functions/mat_mat4.hpp 60204 40000 20102 2 60204 40000 20102 2 60204 40000 20102 2 60204 40000 20102 2 60204 40000 20102 2 60204 40000 20102 2 10 100 0.00234045 0.00424125 0.00415667 0.0151206 0.013952 0.0129238
../functions/mat_mat4.hpp 60204 40000 20102 2 60204 40000 20102 2 60204 40000 20102 2 60204 40000 20102 2 60204 40000 20102 2 60204 40000 20102 2 12 100 0.00168765 0.00424907 0.00425801 0.0148089 0.0137927 0.00772452
../functions/mat_mat4.hpp 60204 40000 20102 2 60204 40000 20102 2 60204 40000 20102 2 60204 40000 20102 2 60204 40000 20102 2 60204 40000 20102 2 14 100 0.00183257 0.00436473 0.0044396 0.0151756 0.0143522 0.0129174
../functions/mat_mat4.hpp 60204 40000 20102 2 60204 40000 20102 2 60204 40000 20102 2 60204 40000 20102 2 60204 40000 20102 2 60204 40000 20102 2 16 100 0.0019932 0.00361953 0.00427184 0.0148511 0.0113782 0.0108393
../functions/mat_mat4.hpp 60204 40000 20102 2 60204 40000 20102 2 60204 40000 20102 2 60204 40000 20102 2 60204 40000 20102 2 60204 40000 20102 2 18 100 0.00179772 0.00330286 0.00417847 0.0129919 0.0143327 0.0114238
../functions/mat_mat4.hpp 60204 40000 20102 2 60204 40000 20102 2 60204 40000 20102 2 60204 40000 20102 2 60204 40000 20102 2 60204 40000 20102 2 20 100 0.00238438 0.00245164 0.00450525 0.0145456 0.0131913 0.0139934
../functions/mat_mat4.hpp 60204 40000 20102 2 60204 40000 20102 2 60204 40000 20102 2 60204 40000 20102 2 60204 40000 20102 2 60204 40000 20102 2 22 100 0.00167319 0.00260278 0.00471087 0.0167035 0.0151147 0.0133289
../functions/mat_mat4.hpp 60204 40000 20102 2 60204 40000 20102 2 60204 40000 20102 2 60204 40000 20102 2 60204 40000 20102 2 60204 40000 20102 2 24 100 0.00224861 0.00240568 0.00468062 0.0169143 0.0139687 0.0140251
../functions/mat_mat4.hpp 60204 40000 20102 2 60204 40000 20102 2 60204 40000 20102 2 60204 40000 20102 2 60204 40000 20102 2 60204 40000 20102 2 26 100 0.00188592 0.00242971 0.00490314 0.00849263 0.0139363 0.0134259
../functions/mat_mat4.hpp 60204 40000 20102 2 60204 40000 20102 2 60204 40000 20102 2 60204 40000 20102 2 60204 40000 20102 2 60204 40000 20102 2 28 100 0.00194836 0.00262268 0.00465897 0.0148928 0.0135582 0.00946929
../functions/mat_mat4.hpp 60204 40000 20102 2 60204 40000 20102 2 60204 40000 20102 2 60204 40000 20102 2 60204 40000 20102 2 60204 40000 20102 2 30 100 0.00195521 0.00251994 0.00426926 0.015354 0.00951678 0.00920145
../functions/mat_mat4.hpp 60204 40000 20102 2 60204 40000 20102 2 60204 40000 20102 2 60204 40000 20102 2 60204 40000 20102 2 60204 40000 20102 2 32 100 0.0085052 0.00247755 0.00466554 0.0154092 0.0150911 0.0135134
../functions/mat_mat5.hpp 4004004 2002000 1002002 2 4004004 2002000 1002002 2 4004004 2002000 1002002 2 4004004 2002000 1002002 2 4004004 2002000 1002002 2 4004004 2002000 1002002 2 1 1000 7.59008 7.41563 7.5013 7.38788 7.46442 7.39059
../functions/mat_mat5.hpp 4004004 2002000 1002002 2 4004004 2002000 1002002 2 4004004 2002000 1002002 2 4004004 2002000 1002002 2 4004004 2002000 1002002 2 4004004 2002000 1002002 2 2 1000 3.97831 3.89955 3.52585 2.41966 2.37414 4.55892
../functions/mat_mat5.hpp 4004004 2002000 1002002 2 4004004 2002000 1002002 2 4004004 2002000 1002002 2 4004004 2002000 1002002 2 4004004 2002000 1002002 2 4004004 2002000 1002002 2 4 1000 2.23091 2.1505 2.49819 2.2216 4.31686 7.90027
../functions/mat_mat5.hpp 4004004 2002000 1002002 2 4004004 2002000 1002002 2 4004004 2002000 1002002 2 4004004 2002000 1002002 2 4004004 2002000 1002002 2 4004004 2002000 1002002 2 6 1000 1.56942 1.84662 1.82358 2.35929 2.43759 8.20988
../functions/mat_mat5.hpp 4004004 2002000 1002002 2 4004004 2002000 1002002 2 4004004 2002000 1002002 2 4004004 2002000 1002002 2 4004004 2002000 1002002 2 4004004 2002000 1002002 2 8 1000 1.23748 1.41898 1.41513 2.37688 2.5075 8.4367
../functions/mat_mat5.hpp 4004004 2002000 1002002 2 4004004 2002000 1002002 2 4004004 2002000 1002002 2 4004004 2002000 1002002 2 4004004 2002000 1002002 2 4004004 2002000 1002002 2 10 1000 1.0171 0.945942 0.944941 1.99962 2.49898 8.58354
../functions/mat_mat5.hpp 4004004 2002000 1002002 2 4004004 2002000 1002002 2 4004004 2002000 1002002 2 4004004 2002000 1002002 2 4004004 2002000 1002002 2 4004004 2002000 1002002 2 12 1000 0.860972 0.950905 0.950682 1.82575 4.18905 8.09992
../functions/mat_mat5.hpp 4004004 2002000 1002002 2 4004004 2002000 1002002 2 4004004 2002000 1002002 2 4004004 2002000 1002002 2 4004004 2002000 1002002 2 4004004 2002000 1002002 2 14 1000 0.732919 0.72241 0.711514 1.20549 2.4257 8.61777
../functions/mat_mat5.hpp 4004004 2002000 1002002 2 4004004 2002000 1002002 2 4004004 2002000 1002002 2 4004004 2002000 1002002 2 4004004 2002000 1002002 2 4004004 2002000 1002002 2 16 1000 0.643427 0.718004 0.716097 2.51774 2.48819 8.67411
../functions/mat_mat5.hpp 4004004 2002000 1002002 2 4004004 2002000 1002002 2 4004004 2002000 1002002 2 4004004 2002000 1002002 2 4004004 2002000 1002002 2 4004004 2002000 1002002 2 18 1000 0.807603 0.863994 0.935938 2.54838 4.24106 10.0841
../functions/mat_mat5.hpp 4004004 2002000 1002002 2 4004004 2002000 1002002 2 4004004 2002000 1002002 2 4004004 2002000 1002002 2 4004004 2002000 1002002 2 4004004 2002000 1002002 2 20 1000 0.809749 0.710636 0.937768 1.57258 3.06154 10.0978
../functions/mat_mat5.hpp 4004004 2002000 1002002 2 4004004 2002000 1002002 2 4004004 2002000 1002002 2 4004004 2002000 1002002 2 4004004 2002000 1002002 2 4004004 2002000 1002002 2 22 1000 0.795753 0.711497 0.934828 2.95904 2.89834 8.11088
../functions/mat_mat5.hpp 4004004 2002000 1002002 2 4004004 2002000 1002002 2 4004004 2002000 1002002 2 4004004 2002000 1002002 2 4004004 2002000 1002002 2 4004004 2002000 1002002 2 24 1000 0.865041 0.858673 0.937102 2.29093 2.49425 8.25924
../functions/mat_mat5.hpp 4004004 2002000 1002002 2 4004004 2002000 1002002 2 4004004 2002000 1002002 2 4004004 2002000 1002002 2 4004004 2002000 1002002 2 4004004 2002000 1002002 2 26 1000 0.779037 0.734598 0.935345 2.96848 3.02093 8.54915
../functions/mat_mat5.hpp 4004004 2002000 1002002 2 4004004 2002000 1002002 2 4004004 2002000 1002002 2 4004004 2002000 1002002 2 4004004 2002000 1002002 2 4004004 2002000 1002002 2 28 1000 0.772676 0.728928 0.937739 1.54941 2.88519 9.60099
../functions/mat_mat5.hpp 4004004 2002000 1002002 2 4004004 2002000 1002002 2 4004004 2002000 1002002 2 4004004 2002000 1002002 2 4004004 2002000 1002002 2 4004004 2002000 1002002 2 30 1000 0.775657 0.71408 0.939419 2.05122 3.28456 12.1759
../functions/mat_mat5.hpp 4004004 2002000 1002002 2 4004004 2002000 1002002 2 4004004 2002000 1002002 2 4004004 2002000 1002002 2 4004004 2002000 1002002 2 4004004 2002000 1002002 2 32 1000 0.635315 0.719477 0.940986 2.35663 2.91785 9.08208
../functions/mat_mat6.hpp 1001006 500000 250503 2 1001006 500000 250503 2 1001006 500000 250503 2 1001006 500000 250503 2 1001006 500000 250503 2 1001006 500000 250503 2 1 500 0.425367 0.388004 0.300889 0.299068 0.298752 0.299358
../functions/mat_mat6.hpp 1001006 500000 250503 2 1001006 500000 250503 2 1001006 500000 250503 2 1001006 500000 250503 2 1001006 500000 250503 2 1001006 500000 250503 2 2 500 0.206719 0.178528 0.175273 0.199264 0.169661 0.308201
../functions/mat_mat6.hpp 1001006 500000 250503 2 1001006 500000 250503 2 1001006 500000 250503 2 1001006 500000 250503 2 1001006 500000 250503 2 1001006 500000 250503 2 4 500 0.122957 0.0957936 0.116471 0.175821 0.17635 0.323195
../functions/mat_mat6.hpp 1001006 500000 250503 2 1001006 500000 250503 2 1001006 500000 250503 2 1001006 500000 250503 2 1001006 500000 250503 2 1001006 500000 250503 2 6 500 0.099489 0.0864632 0.0837104 0.109347 0.213535 0.376921
../functions/mat_mat6.hpp 1001006 500000 250503 2 1001006 500000 250503 2 1001006 500000 250503 2 1001006 500000 250503 2 1001006 500000 250503 2 1001006 500000 250503 2 8 500 0.0660273 0.0626925 0.0586681 0.195031 0.198893 0.349493
../functions/mat_mat6.hpp 1001006 500000 250503 2 1001006 500000 250503 2 1001006 500000 250503 2 1001006 500000 250503 2 1001006 500000 250503 2 1001006 500000 250503 2 10 500 0.0596422 0.0498855 0.0439232 0.107129 0.187761 0.372963
../functions/mat_mat6.hpp 1001006 500000 250503 2 1001006 500000 250503 2 1001006 500000 250503 2 1001006 500000 250503 2 1001006 500000 250503 2 1001006 500000 250503 2 12 500 0.0578324 0.0441641 0.0432276 0.190159 0.200702 0.384515
../functions/mat_mat6.hpp 1001006 500000 250503 2 1001006 500000 250503 2 1001006 500000 250503 2 1001006 500000 250503 2 1001006 500000 250503 2 1001006 500000 250503 2 14 500 0.0494178 0.0403919 0.0449721 0.103738 0.218438 0.352942
../functions/mat_mat6.hpp 1001006 500000 250503 2 1001006 500000 250503 2 1001006 500000 250503 2 1001006 500000 250503 2 1001006 500000 250503 2 1001006 500000 250503 2 16 500 0.0400152 0.0402666 0.0446843 0.103371 0.204538 0.382176
../functions/mat_mat6.hpp 1001006 500000 250503 2 1001006 500000 250503 2 1001006 500000 250503 2 1001006 500000 250503 2 1001006 500000 250503 2 1001006 500000 250503 2 18 500 0.0470171 0.0494187 0.0780457 0.102405 0.384187 0.382711
../functions/mat_mat6.hpp 1001006 500000 250503 2 1001006 500000 250503 2 1001006 500000 250503 2 1001006 500000 250503 2 1001006 500000 250503 2 1001006 500000 250503 2 20 500 0.0539239 0.0481018 0.0791863 0.196245 0.380124 0.669579
../functions/mat_mat6.hpp 1001006 500000 250503 2 1001006 500000 250503 2 1001006 500000 250503 2 1001006 500000 250503 2 1001006 500000 250503 2 1001006 500000 250503 2 22 500 0.0569012 0.0526914 0.0806534 0.198911 0.346307 0.368907
../functions/mat_mat6.hpp 1001006 500000 250503 2 1001006 500000 250503 2 1001006 500000 250503 2 1001006 500000 250503 2 1001006 500000 250503 2 1001006 500000 250503 2 24 500 0.0541141 0.0504325 0.0802193 0.110167 0.367425 0.632256
../functions/mat_mat6.hpp 1001006 500000 250503 2 1001006 500000 250503 2 1001006 500000 250503 2 1001006 500000 250503 2 1001006 500000 250503 2 1001006 500000 250503 2 26 500 0.0524442 0.0495198 0.0776486 0.191945 0.372627 0.67477
../functions/mat_mat6.hpp 1001006 500000 250503 2 1001006 500000 250503 2 1001006 500000 250503 2 1001006 500000 250503 2 1001006 500000 250503 2 1001006 500000 250503 2 28 500 0.0411346 0.0500736 0.0786373 0.205864 0.356563 0.643966
../functions/mat_mat6.hpp 1001006 500000 250503 2 1001006 500000 250503 2 1001006 500000 250503 2 1001006 500000 250503 2 1001006 500000 250503 2 1001006 500000 250503 2 30 500 0.0418805 0.0522588 0.0820944 0.201459 0.379444 0.386437
../functions/mat_mat6.hpp 1001006 500000 250503 2 1001006 500000 250503 2 1001006 500000 250503 2 1001006 500000 250503 2 1001006 500000 250503 2 1001006 500000 250503 2 32 500 0.0367342 0.0505356 0.0794391 0.193097 0.348388 0.60019
../functions/mat_mat.hpp 4002004 2000000 1001002 2 4002004 2000000 1001002 2 4002004 2000000 1001002 2 4002004 2000000 1001002 2 4002004 2000000 1001002 2 4002004 2000000 1001002 2 1 1000 7.59204 7.38352 7.3831 7.37942 7.39627 7.37879
../functions/mat_mat.hpp 4002004 2000000 1001002 2 4002004 2000000 1001002 2 4002004 2000000 1001002 2 4002004 2000000 1001002 2 4002004 2000000 1001002 2 4002004 2000000 1001002 2 2 1000 3.93655 3.91284 4.00896 4.15056 4.00835 7.45766
../functions/mat_mat.hpp 4002004 2000000 1001002 2 4002004 2000000 1001002 2 4002004 2000000 1001002 2 4002004 2000000 1001002 2 4002004 2000000 1001002 2 4002004 2000000 1001002 2 4 1000 2.23281 2.16375 2.59939 2.34786 4.05871 8.19366
../functions/mat_mat.hpp 4002004 2000000 1001002 2 4002004 2000000 1001002 2 4002004 2000000 1001002 2 4002004 2000000 1001002 2 4002004 2000000 1001002 2 4002004 2000000 1001002 2 6 1000 1.57382 1.83328 1.86262 2.35874 2.43003 8.22822
../functions/mat_mat.hpp 4002004 2000000 1001002 2 4002004 2000000 1001002 2 4002004 2000000 1001002 2 4002004 2000000 1001002 2 4002004 2000000 1001002 2 4002004 2000000 1001002 2 8 1000 1.22325 1.41321 1.41458 1.82429 2.47232 8.39604
../functions/mat_mat.hpp 4002004 2000000 1001002 2 4002004 2000000 1001002 2 4002004 2000000 1001002 2 4002004 2000000 1001002 2 4002004 2000000 1001002 2 4002004 2000000 1001002 2 10 1000 1.00796 0.946663 0.946 1.21361 2.47689 8.4518
../functions/mat_mat.hpp 4002004 2000000 1001002 2 4002004 2000000 1001002 2 4002004 2000000 1001002 2 4002004 2000000 1001002 2 4002004 2000000 1001002 2 4002004 2000000 1001002 2 12 1000 0.873705 0.953998 0.945203 1.82953 2.48119 8.56197
../functions/mat_mat.hpp 4002004 2000000 1001002 2 4002004 2000000 1001002 2 4002004 2000000 1001002 2 4002004 2000000 1001002 2 4002004 2000000 1001002 2 4002004 2000000 1001002 2 14 1000 0.727172 0.729391 0.712207 2.41295 2.45499 8.62871
../functions/mat_mat.hpp 4002004 2000000 1001002 2 4002004 2000000 1001002 2 4002004 2000000 1001002 2 4002004 2000000 1001002 2 4002004 2000000 1001002 2 4002004 2000000 1001002 2 16 1000 0.649098 0.722547 0.715229 1.22275 2.53722 8.81373
../functions/mat_mat.hpp 4002004 2000000 1001002 2 4002004 2000000 1001002 2 4002004 2000000 1001002 2 4002004 2000000 1001002 2 4002004 2000000 1001002 2 4002004 2000000 1001002 2 18 1000 0.95146 0.939525 0.937536 2.16604 3.0857 9.89843
../functions/mat_mat.hpp 4002004 2000000 1001002 2 4002004 2000000 1001002 2 4002004 2000000 1001002 2 4002004 2000000 1001002 2 4002004 2000000 1001002 2 4002004 2000000 1001002 2 20 1000 0.812514 0.737915 0.934313 2.71252 4.64569 10.1255
../functions/mat_mat.hpp 4002004 2000000 1001002 2 4002004 2000000 1001002 2 4002004 2000000 1001002 2 4002004 2000000 1001002 2 4002004 2000000 1001002 2 4002004 2000000 1001002 2 22 1000 0.796066 0.715918 0.931869 2.61175 2.85122 8.11363
../functions/mat_mat.hpp 4002004 2000000 1001002 2 4002004 2000000 1001002 2 4002004 2000000 1001002 2 4002004 2000000 1001002 2 4002004 2000000 1001002 2 4002004 2000000 1001002 2 24 1000 0.861023 0.859094 0.936051 2.38745 2.92746 8.30406
../functions/mat_mat.hpp 4002004 2000000 1001002 2 4002004 2000000 1001002 2 4002004 2000000 1001002 2 4002004 2000000 1001002 2 4002004 2000000 1001002 2 4002004 2000000 1001002 2 26 1000 0.775713 0.715801 0.937807 2.40044 3.0218 9.8492
../functions/mat_mat.hpp 4002004 2000000 1001002 2 4002004 2000000 1001002 2 4002004 2000000 1001002 2 4002004 2000000 1001002 2 4002004 2000000 1001002 2 4002004 2000000 1001002 2 28 1000 0.76815 0.724427 0.938682 2.35569 4.45529 9.75862
../functions/mat_mat.hpp 4002004 2000000 1001002 2 4002004 2000000 1001002 2 4002004 2000000 1001002 2 4002004 2000000 1001002 2 4002004 2000000 1001002 2 4002004 2000000 1001002 2 30 1000 0.7736 0.712342 0.940483 2.51747 3.29631 12.1059
../functions/mat_mat.hpp 4002004 2000000 1001002 2 4002004 2000000 1001002 2 4002004 2000000 1001002 2 4002004 2000000 1001002 2 4002004 2000000 1001002 2 4002004 2000000 1001002 2 32 1000 0.632866 0.714951 0.942054 2.34609 2.93893 9.29947
../functions/mat_vect_1.hpp 144012 72002 36006 2 144012 72002 36006 2 144012 72002 36006 2 144012 72002 36006 2 144012 72002 36006 2 144012 72002 36006 2 1 12000 1.31991 1.30644 1.24555 1.2966 1.27782 1.2665
../functions/mat_vect_1.hpp 144012 72002 36006 2 144012 72002 36006 2 144012 72002 36006 2 144012 72002 36006 2 144012 72002 36006 2 144012 72002 36006 2 2 12000 0.893409 0.702791 0.65103 0.695438 0.702711 0.71012
../functions/mat_vect_1.hpp 144012 72002 36006 2 144012 72002 36006 2 144012 72002 36006 2 144012 72002 36006 2 144012 72002 36006 2 144012 72002 36006 2 4 12000 0.493954 0.425801 0.381312 0.367305 0.381731 0.482129
../functions/mat_vect_1.hpp 144012 72002 36006 2 144012 72002 36006 2 144012 72002 36006 2 144012 72002 36006 2 144012 72002 36006 2 144012 72002 36006 2 6 12000 0.336474 0.282929 0.298142 0.278915 0.266745 0.326459
../functions/mat_vect_1.hpp 144012 72002 36006 2 144012 72002 36006 2 144012 72002 36006 2 144012 72002 36006 2 144012 72002 36006 2 144012 72002 36006 2 8 12000 0.263695 0.208134 0.221107 0.219315 0.213196 0.357611
../functions/mat_vect_1.hpp 144012 72002 36006 2 144012 72002 36006 2 144012 72002 36006 2 144012 72002 36006 2 144012 72002 36006 2 144012 72002 36006 2 10 12000 0.35771 0.177627 0.175875 0.1694 0.204446 0.337936
../functions/mat_vect_1.hpp 144012 72002 36006 2 144012 72002 36006 2 144012 72002 36006 2 144012 72002 36006 2 144012 72002 36006 2 144012 72002 36006 2 12 12000 0.278191 0.148432 0.146648 0.154205 0.152919 0.353141
../functions/mat_vect_1.hpp 144012 72002 36006 2 144012 72002 36006 2 144012 72002 36006 2 144012 72002 36006 2 144012 72002 36006 2 144012 72002 36006 2 14 12000 0.389632 0.141535 0.129415 0.14643 0.139477 0.340477
../functions/mat_vect_1.hpp 144012 72002 36006 2 144012 72002 36006 2 144012 72002 36006 2 144012 72002 36006 2 144012 72002 36006 2 144012 72002 36006 2 16 12000 0.402082 0.136586 0.115166 0.112777 0.112351 0.347261
../functions/mat_vect_1.hpp 144012 72002 36006 2 144012 72002 36006 2 144012 72002 36006 2 144012 72002 36006 2 144012 72002 36006 2 144012 72002 36006 2 18 12000 0.388862 0.121217 0.10412 0.112905 0.15172 0.378945
../functions/mat_vect_1.hpp 144012 72002 36006 2 144012 72002 36006 2 144012 72002 36006 2 144012 72002 36006 2 144012 72002 36006 2 144012 72002 36006 2 20 12000 0.157472 0.127711 0.112314 0.112064 0.110127 0.377595
../functions/mat_vect_1.hpp 144012 72002 36006 2 144012 72002 36006 2 144012 72002 36006 2 144012 72002 36006 2 144012 72002 36006 2 144012 72002 36006 2 22 12000 0.213672 0.121098 0.121457 0.116486 0.1113 0.264589
../functions/mat_vect_1.hpp 144012 72002 36006 2 144012 72002 36006 2 144012 72002 36006 2 144012 72002 36006 2 144012 72002 36006 2 144012 72002 36006 2 24 12000 0.229374 0.107927 0.109917 0.114051 0.11044 0.453533
../functions/mat_vect_1.hpp 144012 72002 36006 2 144012 72002 36006 2 144012 72002 36006 2 144012 72002 36006 2 144012 72002 36006 2 144012 72002 36006 2 26 12000 0.257758 0.115443 0.102078 0.101751 0.109511 0.265006
../functions/mat_vect_1.hpp 144012 72002 36006 2 144012 72002 36006 2 144012 72002 36006 2 144012 72002 36006 2 144012 72002 36006 2 144012 72002 36006 2 28 12000 0.367409 0.152731 0.136494 0.101985 0.105264 0.255185
../functions/mat_vect_1.hpp 144012 72002 36006 2 144012 72002 36006 2 144012 72002 36006 2 144012 72002 36006 2 144012 72002 36006 2 144012 72002 36006 2 30 12000 0.24035 0.0803395 0.0802466 0.0770925 0.103025 0.754784
../functions/mat_vect_1.hpp 144012 72002 36006 2 144012 72002 36006 2 144012 72002 36006 2 144012 72002 36006 2 144012 72002 36006 2 144012 72002 36006 2 32 12000 0.362906 0.116633 0.0870461 0.0833467 0.106734 0.875381
../functions/mat_vect_2.hpp 168006 84000 42003 3 168006 84000 42003 3 168006 84000 42003 3 168006 84000 42003 3 168006 84000 42003 3 168006 84000 42003 3 1 14000 1.9007 1.89756 1.67893 1.75387 1.78301 1.71092
../functions/mat_vect_2.hpp 168006 84000 42003 3 168006 84000 42003 3 168006 84000 42003 3 168006 84000 42003 3 168006 84000 42003 3 168006 84000 42003 3 2 14000 1.19744 0.939258 0.876108 0.923839 0.953584 1.06123
../functions/mat_vect_2.hpp 168006 84000 42003 3 168006 84000 42003 3 168006 84000 42003 3 168006 84000 42003 3 168006 84000 42003 3 168006 84000 42003 3 4 14000 0.678233 0.576896 0.499977 0.521805 0.577171 0.571742
../functions/mat_vect_2.hpp 168006 84000 42003 3 168006 84000 42003 3 168006 84000 42003 3 168006 84000 42003 3 168006 84000 42003 3 168006 84000 42003 3 6 14000 0.478934 0.39779 0.378495 0.390297 0.364977 0.403718
../functions/mat_vect_2.hpp 168006 84000 42003 3 168006 84000 42003 3 168006 84000 42003 3 168006 84000 42003 3 168006 84000 42003 3 168006 84000 42003 3 8 14000 0.35922 0.297513 0.326787 0.315418 0.322242 0.411503
../functions/mat_vect_2.hpp 168006 84000 42003 3 168006 84000 42003 3 168006 84000 42003 3 168006 84000 42003 3 168006 84000 42003 3 168006 84000 42003 3 10 14000 0.427176 0.234587 0.23826 0.247747 0.236381 0.414406
../functions/mat_vect_2.hpp 168006 84000 42003 3 168006 84000 42003 3 168006 84000 42003 3 168006 84000 42003 3 168006 84000 42003 3 168006 84000 42003 3 12 14000 0.509725 0.285806 0.200624 0.18173 0.236116 0.395333
../functions/mat_vect_2.hpp 168006 84000 42003 3 168006 84000 42003 3 168006 84000 42003 3 168006 84000 42003 3 168006 84000 42003 3 168006 84000 42003 3 14 14000 0.357231 0.17255 0.268854 0.179082 0.161308 0.414973
../functions/mat_vect_2.hpp 168006 84000 42003 3 168006 84000 42003 3 168006 84000 42003 3 168006 84000 42003 3 168006 84000 42003 3 168006 84000 42003 3 16 14000 0.20464 0.146159 0.213794 0.17124 0.170692 0.409683
../functions/mat_vect_2.hpp 168006 84000 42003 3 168006 84000 42003 3 168006 84000 42003 3 168006 84000 42003 3 168006 84000 42003 3 168006 84000 42003 3 18 14000 0.428405 0.168295 0.152381 0.177321 0.166584 0.464305
../functions/mat_vect_2.hpp 168006 84000 42003 3 168006 84000 42003 3 168006 84000 42003 3 168006 84000 42003 3 168006 84000 42003 3 168006 84000 42003 3 20 14000 0.298848 0.154239 0.179626 0.177934 0.179003 0.399821
../functions/mat_vect_2.hpp 168006 84000 42003 3 168006 84000 42003 3 168006 84000 42003 3 168006 84000 42003 3 168006 84000 42003 3 168006 84000 42003 3 22 14000 0.247426 0.157659 0.162627 0.131543 0.18239 0.561651
../functions/mat_vect_2.hpp 168006 84000 42003 3 168006 84000 42003 3 168006 84000 42003 3 168006 84000 42003 3 168006 84000 42003 3 168006 84000 42003 3 24 14000 0.331168 0.175853 0.202619 0.12951 0.178385 0.422637
../functions/mat_vect_2.hpp 168006 84000 42003 3 168006 84000 42003 3 168006 84000 42003 3 168006 84000 42003 3 168006 84000 42003 3 168006 84000 42003 3 26 14000 0.335826 0.219017 0.167808 0.161342 0.147226 0.587396
../functions/mat_vect_2.hpp 168006 84000 42003 3 168006 84000 42003 3 168006 84000 42003 3 168006 84000 42003 3 168006 84000 42003 3 168006 84000 42003 3 28 14000 0.537785 0.123418 0.122488 0.129426 0.139961 0.443414
../functions/mat_vect_2.hpp 168006 84000 42003 3 168006 84000 42003 3 168006 84000 42003 3 168006 84000 42003 3 168006 84000 42003 3 168006 84000 42003 3 30 14000 0.357134 0.107906 0.183675 0.120128 0.121115 0.454979
../functions/mat_vect_2.hpp 168006 84000 42003 3 168006 84000 42003 3 168006 84000 42003 3 168006 84000 42003 3 168006 84000 42003 3 168006 84000 42003 3 32 14000 0.62289 0.114349 0.127039 0.120151 0.159833 0.297962
../functions/mat_vect2.hpp 4002 2000 1001 1 4002 2000 1001 1 4002 2000 1001 1 4002 2000 1001 1 4002 2000 1001 1 4002 2000 1001 1 1 1000 0.00588546 0.00566797 0.00543463 0.0052052 0.00535229 0.00497528
../functions/mat_vect2.hpp 4002 2000 1001 1 4002 2000 1001 1 4002 2000 1001 1 4002 2000 1001 1 4002 2000 1001 1 4002 2000 1001 1 2 1000 0.00262764 0.00235253 0.00233326 0.00207261 0.00216117 0.00286
../functions/mat_vect2.hpp 4002 2000 1001 1 4002 2000 1001 1 4002 2000 1001 1 4002 2000 1001 1 4002 2000 1001 1 4002 2000 1001 1 4 1000 0.00153316 0.00135597 0.00138363 0.00153839 0.00154245 0.00316374
../functions/mat_vect2.hpp 4002 2000 1001 1 4002 2000 1001 1 4002 2000 1001 1 4002 2000 1001 1 4002 2000 1001 1 4002 2000 1001 1 6 1000 0.00131141 0.00124227 0.00123382 0.00154754 0.00261786 0.00538721
../functions/mat_vect2.hpp 4002 2000 1001 1 4002 2000 1001 1 4002 2000 1001 1 4002 2000 1001 1 4002 2000 1001 1 4002 2000 1001 1 8 1000 0.00122432 0.000790813 0.00100097 0.00162856 0.00257826 0.00593225
../functions/mat_vect2.hpp 4002 2000 1001 1 4002 2000 1001 1 4002 2000 1001 1 4002 2000 1001 1 4002 2000 1001 1 4002 2000 1001 1 10 1000 0.00100446 0.000691219 0.000707422 0.0014439 0.0015451 0.00556328
../functions/mat_vect2.hpp 4002 2000 1001 1 4002 2000 1001 1 4002 2000 1001 1 4002 2000 1001 1 4002 2000 1001 1 4002 2000 1001 1 12 1000 0.00135541 0.000718388 0.000758407 0.000959479 0.0016398 0.00539307
../functions/mat_vect2.hpp 4002 2000 1001 1 4002 2000 1001 1 4002 2000 1001 1 4002 2000 1001 1 4002 2000 1001 1 4002 2000 1001 1 14 1000 0.0015282 0.000795353 0.000665238 0.00158135 0.00158728 0.00540118
../functions/mat_vect2.hpp 4002 2000 1001 1 4002 2000 1001 1 4002 2000 1001 1 4002 2000 1001 1 4002 2000 1001 1 4002 2000 1001 1 16 1000 0.00160977 0.000573048 0.000524088 0.00165545 0.00280685 0.00615644
../functions/mat_vect2.hpp 4002 2000 1001 1 4002 2000 1001 1 4002 2000 1001 1 4002 2000 1001 1 4002 2000 1001 1 4002 2000 1001 1 18 1000 0.00184989 0.000579404 0.000513194 0.00150138 0.00266591 0.00527874
../functions/mat_vect2.hpp 4002 2000 1001 1 4002 2000 1001 1 4002 2000 1001 1 4002 2000 1001 1 4002 2000 1001 1 4002 2000 1001 1 20 1000 0.00201059 0.000679975 0.000504603 0.00104552 0.00269175 0.00478608
../functions/mat_vect2.hpp 4002 2000 1001 1 4002 2000 1001 1 4002 2000 1001 1 4002 2000 1001 1 4002 2000 1001 1 4002 2000 1001 1 22 1000 0.00145675 0.000514381 0.000515708 0.00205815 0.00180009 0.00577594
../functions/mat_vect2.hpp 4002 2000 1001 1 4002 2000 1001 1 4002 2000 1001 1 4002 2000 1001 1 4002 2000 1001 1 4002 2000 1001 1 24 1000 0.00154314 0.000559429 0.000558381 0.00192909 0.00259167 0.005299
../functions/mat_vect2.hpp 4002 2000 1001 1 4002 2000 1001 1 4002 2000 1001 1 4002 2000 1001 1 4002 2000 1001 1 4002 2000 1001 1 26 1000 0.0017512 0.000443213 0.000469613 0.00102087 0.00239332 0.00601368
../functions/mat_vect2.hpp 4002 2000 1001 1 4002 2000 1001 1 4002 2000 1001 1 4002 2000 1001 1 4002 2000 1001 1 4002 2000 1001 1 28 1000 0.00243599 0.000433574 0.000461372 0.000882584 0.00253971 0.00620756
../functions/mat_vect2.hpp 4002 2000 1001 1 4002 2000 1001 1 4002 2000 1001 1 4002 2000 1001 1 4002 2000 1001 1 4002 2000 1001 1 30 1000 0.00302713 0.000577029 0.00058946 0.00123577 0.00278143 0.00640759
../functions/mat_vect2.hpp 4002 2000 1001 1 4002 2000 1001 1 4002 2000 1001 1 4002 2000 1001 1 4002 2000 1001 1 4002 2000 1001 1 32 1000 0.00328743 0.000385524 0.000479949 0.0018369 0.00187915 0.00592925
../functions/mat_vect_3.hpp 216010 144000 72005 2 216010 144000 72005 2 216010 144000 72005 2 216010 144000 72005 2 216010 144000 72005 2 216010 144000 72005 2 1 12000 2.76104 2.76804 2.74727 2.62638 2.69514 2.62022
../functions/mat_vect_3.hpp 216010 144000 72005 2 216010 144000 72005 2 216010 144000 72005 2 216010 144000 72005 2 216010 144000 72005 2 216010 144000 72005 2 2 12000 1.69705 1.40191 1.4161 1.45751 1.45517 1.50682
../functions/mat_vect_3.hpp 216010 144000 72005 2 216010 144000 72005 2 216010 144000 72005 2 216010 144000 72005 2 216010 144000 72005 2 216010 144000 72005 2 4 12000 0.940765 0.768966 0.736431 0.780285 0.808824 1.02303
../functions/mat_vect_3.hpp 216010 144000 72005 2 216010 144000 72005 2 216010 144000 72005 2 216010 144000 72005 2 216010 144000 72005 2 216010 144000 72005 2 6 12000 0.652116 0.583395 0.550756 0.564902 0.55623 0.713934
../functions/mat_vect_3.hpp 216010 144000 72005 2 216010 144000 72005 2 216010 144000 72005 2 216010 144000 72005 2 216010 144000 72005 2 216010 144000 72005 2 8 12000 0.495031 0.452336 0.430689 0.431356 0.434625 0.709534
../functions/mat_vect_3.hpp 216010 144000 72005 2 216010 144000 72005 2 216010 144000 72005 2 216010 144000 72005 2 216010 144000 72005 2 216010 144000 72005 2 10 12000 0.49935 0.457434 0.353302 0.329263 0.425804 0.647868
../functions/mat_vect_3.hpp 216010 144000 72005 2 216010 144000 72005 2 216010 144000 72005 2 216010 144000 72005 2 216010 144000 72005 2 216010 144000 72005 2 12 12000 0.556299 0.301591 0.34227 0.309122 0.284801 0.708824
../functions/mat_vect_3.hpp 216010 144000 72005 2 216010 144000 72005 2 216010 144000 72005 2 216010 144000 72005 2 216010 144000 72005 2 216010 144000 72005 2 14 12000 0.555694 0.268074 0.268359 0.279849 0.282292 0.729049
../functions/mat_vect_3.hpp 216010 144000 72005 2 216010 144000 72005 2 216010 144000 72005 2 216010 144000 72005 2 216010 144000 72005 2 216010 144000 72005 2 16 12000 0.411035 0.323542 0.241195 0.217933 0.340928 0.98539
../functions/mat_vect_3.hpp 216010 144000 72005 2 216010 144000 72005 2 216010 144000 72005 2 216010 144000 72005 2 216010 144000 72005 2 216010 144000 72005 2 18 12000 0.349598 0.256275 0.258955 0.22032 0.227566 0.772639
../functions/mat_vect_3.hpp 216010 144000 72005 2 216010 144000 72005 2 216010 144000 72005 2 216010 144000 72005 2 216010 144000 72005 2 216010 144000 72005 2 20 12000 0.44804 0.200046 0.210981 0.221697 0.215578 0.736191
../functions/mat_vect_3.hpp 216010 144000 72005 2 216010 144000 72005 2 216010 144000 72005 2 216010 144000 72005 2 216010 144000 72005 2 216010 144000 72005 2 22 12000 0.354454 0.188807 0.194183 0.232933 0.282149 0.746806
../functions/mat_vect_3.hpp 216010 144000 72005 2 216010 144000 72005 2 216010 144000 72005 2 216010 144000 72005 2 216010 144000 72005 2 216010 144000 72005 2 24 12000 0.344035 0.16551 0.165462 0.249797 0.216781 0.751997
../functions/mat_vect_3.hpp 216010 144000 72005 2 216010 144000 72005 2 216010 144000 72005 2 216010 144000 72005 2 216010 144000 72005 2 216010 144000 72005 2 26 12000 0.27077 0.156078 0.152834 0.159026 0.162787 0.759921
../functions/mat_vect_3.hpp 216010 144000 72005 2 216010 144000 72005 2 216010 144000 72005 2 216010 144000 72005 2 216010 144000 72005 2 216010 144000 72005 2 28 12000 0.303583 0.20904 0.152404 0.165033 0.237771 0.765988
../functions/mat_vect_3.hpp 216010 144000 72005 2 216010 144000 72005 2 216010 144000 72005 2 216010 144000 72005 2 216010 144000 72005 2 216010 144000 72005 2 30 12000 0.439386 0.126045 0.122504 0.143842 0.157029 0.781881
../functions/mat_vect_3.hpp 216010 144000 72005 2 216010 144000 72005 2 216010 144000 72005 2 216010 144000 72005 2 216010 144000 72005 2 216010 144000 72005 2 32 12000 0.397886 0.249237 0.166038 0.126627 0.156681 0.782801
../functions/mat_vect3.hpp 402 200 101 1 402 200 101 1 402 200 101 1 402 200 101 1 402 200 101 1 402 200 101 1 1 100 0.000221677 0.000138007 0.000117962 0.000091981 0.000089466 0.000089117
../functions/mat_vect3.hpp 402 200 101 1 402 200 101 1 402 200 101 1 402 200 101 1 402 200 101 1 402 200 101 1 2 100 0.000255898 0.000109023 0.000071169 0.00008779 0.000085835 0.000087721
../functions/mat_vect3.hpp 402 200 101 1 402 200 101 1 402 200 101 1 402 200 101 1 402 200 101 1 402 200 101 1 4 100 0.000330629 0.000070749 0.000081924 0.000100432 0.000097498 0.000087302
../functions/mat_vect3.hpp 402 200 101 1 402 200 101 1 402 200 101 1 402 200 101 1 402 200 101 1 402 200 101 1 6 100 0.000421212 0.000071657 0.000054965 0.000091003 0.000094915 0.000055315
../functions/mat_vect3.hpp 402 200 101 1 402 200 101 1 402 200 101 1 402 200 101 1 402 200 101 1 402 200 101 1 8 100 0.000443213 0.000061809 0.000068933 0.000099524 0.000104064 0.000099105
../functions/mat_vect3.hpp 402 200 101 1 402 200 101 1 402 200 101 1 402 200 101 1 402 200 101 1 402 200 101 1 10 100 0.000565295 0.000081644 0.000079898 0.000122641 0.000103574 0.0001012
../functions/mat_vect3.hpp 402 200 101 1 402 200 101 1 402 200 101 1 402 200 101 1 402 200 101 1 402 200 101 1 12 100 0.000581708 0.000119079 0.000077664 0.000124457 0.000108184 0.000113562
../functions/mat_vect3.hpp 402 200 101 1 402 200 101 1 402 200 101 1 402 200 101 1 402 200 101 1 402 200 101 1 14 100 0.000561873 0.000073752 0.000088908 0.000103086 0.000106857 0.000098057
../functions/mat_vect3.hpp 402 200 101 1 402 200 101 1 402 200 101 1 402 200 101 1 402 200 101 1 402 200 101 1 16 100 0.00117522 0.000081784 0.000063486 0.000107904 0.000138006 0.000109162
../functions/mat_vect3.hpp 402 200 101 1 402 200 101 1 402 200 101 1 402 200 101 1 402 200 101 1 402 200 101 1 18 100 0.00139934 0.000093727 0.000072495 0.000119498 0.000110419 0.00011
../functions/mat_vect3.hpp 402 200 101 1 402 200 101 1 402 200 101 1 402 200 101 1 402 200 101 1 402 200 101 1 20 100 0.00143265 0.000096521 0.000088209 0.000129276 0.000082552 0.000147504
../functions/mat_vect3.hpp 402 200 101 1 402 200 101 1 402 200 101 1 402 200 101 1 402 200 101 1 402 200 101 1 22 100 0.00153302 0.0001012 0.000076127 0.000120406 0.000139682 0.000102876
../functions/mat_vect3.hpp 402 200 101 1 402 200 101 1 402 200 101 1 402 200 101 1 402 200 101 1 402 200 101 1 24 100 0.00132845 0.00009219 0.000082063 0.00019367 0.000116355 0.000110838
../functions/mat_vect3.hpp 402 200 101 1 402 200 101 1 402 200 101 1 402 200 101 1 402 200 101 1 402 200 101 1 26 100 0.00138397 0.000130604 0.00007473 0.000103645 0.000185639 0.000141847
../functions/mat_vect3.hpp 402 200 101 1 402 200 101 1 402 200 101 1 402 200 101 1 402 200 101 1 402 200 101 1 28 100 0.00123528 0.00014534 0.000087231 0.000130883 0.000137448 0.000100502
../functions/mat_vect3.hpp 402 200 101 1 402 200 101 1 402 200 101 1 402 200 101 1 402 200 101 1 402 200 101 1 30 100 0.00142441 0.00015854 0.000089676 0.000110489 0.000215041 0.00014094
../functions/mat_vect3.hpp 402 200 101 1 402 200 101 1 402 200 101 1 402 200 101 1 402 200 101 1 402 200 101 1 32 100 0.0015467 0.000155816 0.000064323 0.000138216 0.000124038 0.000109301
../functions/mat_vect_4.hpp 324020 216000 108010 3 324020 216000 108010 3 324020 216000 108010 3 324020 216000 108010 3 324020 216000 108010 3 324020 216000 108010 3 1 9000 3.01468 3.00075 2.95834 2.98677 2.94462 2.96316
../functions/mat_vect_4.hpp 324020 216000 108010 3 324020 216000 108010 3 324020 216000 108010 3 324020 216000 108010 3 324020 216000 108010 3 324020 216000 108010 3 2 9000 1.56425 1.52219 1.57769 1.6517 1.65764 1.67746
../functions/mat_vect_4.hpp 324020 216000 108010 3 324020 216000 108010 3 324020 216000 108010 3 324020 216000 108010 3 324020 216000 108010 3 324020 216000 108010 3 4 9000 1.0062 0.88752 0.847428 0.983561 0.90986 0.968626
../functions/mat_vect_4.hpp 324020 216000 108010 3 324020 216000 108010 3 324020 216000 108010 3 324020 216000 108010 3 324020 216000 108010 3 324020 216000 108010 3 6 9000 0.708754 0.646811 0.617976 0.638515 0.633977 1.06185
../functions/mat_vect_4.hpp 324020 216000 108010 3 324020 216000 108010 3 324020 216000 108010 3 324020 216000 108010 3 324020 216000 108010 3 324020 216000 108010 3 8 9000 0.549111 0.500246 0.468283 0.481737 0.633897 0.928665
../functions/mat_vect_4.hpp 324020 216000 108010 3 324020 216000 108010 3 324020 216000 108010 3 324020 216000 108010 3 324020 216000 108010 3 324020 216000 108010 3 10 9000 0.586193 0.412812 0.383443 0.436227 0.427169 0.648649
../functions/mat_vect_4.hpp 324020 216000 108010 3 324020 216000 108010 3 324020 216000 108010 3 324020 216000 108010 3 324020 216000 108010 3 324020 216000 108010 3 12 9000 0.506057 0.340508 0.346283 0.328423 0.326289 1.06464
../functions/mat_vect_4.hpp 324020 216000 108010 3 324020 216000 108010 3 324020 216000 108010 3 324020 216000 108010 3 324020 216000 108010 3 324020 216000 108010 3 14 9000 0.45338 0.295782 0.317398 0.324501 0.319983 1.16144
../functions/mat_vect_4.hpp 324020 216000 108010 3 324020 216000 108010 3 324020 216000 108010 3 324020 216000 108010 3 324020 216000 108010 3 324020 216000 108010 3 16 9000 0.394703 0.25071 0.274202 0.323748 0.320005 1.09286
../functions/mat_vect_4.hpp 324020 216000 108010 3 324020 216000 108010 3 324020 216000 108010 3 324020 216000 108010 3 324020 216000 108010 3 324020 216000 108010 3 18 9000 0.358478 0.230931 0.229941 0.234555 0.246851 1.11113
../functions/mat_vect_4.hpp 324020 216000 108010 3 324020 216000 108010 3 324020 216000 108010 3 324020 216000 108010 3 324020 216000 108010 3 324020 216000 108010 3 20 9000 0.307248 0.205179 0.228474 0.230566 0.23169 0.704188
../functions/mat_vect_4.hpp 324020 216000 108010 3 324020 216000 108010 3 324020 216000 108010 3 324020 216000 108010 3 324020 216000 108010 3 324020 216000 108010 3 22 9000 0.310183 0.201366 0.198044 0.22655 0.239081 1.14384
../functions/mat_vect_4.hpp 324020 216000 108010 3 324020 216000 108010 3 324020 216000 108010 3 324020 216000 108010 3 324020 216000 108010 3 324020 216000 108010 3 24 9000 0.323289 0.198981 0.230526 0.178396 0.241861 0.586073
../functions/mat_vect_4.hpp 324020 216000 108010 3 324020 216000 108010 3 324020 216000 108010 3 324020 216000 108010 3 324020 216000 108010 3 324020 216000 108010 3 26 9000 0.248053 0.170107 0.182544 0.18 0.265036 1.01469
../functions/mat_vect_4.hpp 324020 216000 108010 3 324020 216000 108010 3 324020 216000 108010 3 324020 216000 108010 3 324020 216000 108010 3 324020 216000 108010 3 28 9000 0.233702 0.161622 0.183832 0.176466 0.240625 0.631714
../functions/mat_vect_4.hpp 324020 216000 108010 3 324020 216000 108010 3 324020 216000 108010 3 324020 216000 108010 3 324020 216000 108010 3 324020 216000 108010 3 30 9000 0.251994 0.141427 0.138771 0.174473 0.24664 1.16768
../functions/mat_vect_4.hpp 324020 216000 108010 3 324020 216000 108010 3 324020 216000 108010 3 324020 216000 108010 3 324020 216000 108010 3 324020 216000 108010 3 32 9000 0.229119 0.153192 0.148479 0.174896 0.242478 0.59936
../functions/mat_vect_5.hpp 80012 40010 20006 1 80012 40010 20006 1 80012 40010 20006 1 80012 40010 20006 1 80012 40010 20006 1 80012 40010 20006 1 1 20000 1.58077 1.19118 1.21914 1.18574 1.22177 1.18209
../functions/mat_vect_5.hpp 80012 40010 20006 1 80012 40010 20006 1 80012 40010 20006 1 80012 40010 20006 1 80012 40010 20006 1 80012 40010 20006 1 2 20000 0.950473 0.681007 0.679051 0.628268 0.681418 0.727707
../functions/mat_vect_5.hpp 80012 40010 20006 1 80012 40010 20006 1 80012 40010 20006 1 80012 40010 20006 1 80012 40010 20006 1 80012 40010 20006 1 4 20000 0.540399 0.417998 0.380431 0.362749 0.384779 0.372185
../functions/mat_vect_5.hpp 80012 40010 20006 1 80012 40010 20006 1 80012 40010 20006 1 80012 40010 20006 1 80012 40010 20006 1 80012 40010 20006 1 6 20000 0.382441 0.2782 0.262494 0.264907 0.28673 0.289051
../functions/mat_vect_5.hpp 80012 40010 20006 1 80012 40010 20006 1 80012 40010 20006 1 80012 40010 20006 1 80012 40010 20006 1 80012 40010 20006 1 8 20000 0.312217 0.208176 0.208631 0.204711 0.226107 0.189534
../functions/mat_vect_5.hpp 80012 40010 20006 1 80012 40010 20006 1 80012 40010 20006 1 80012 40010 20006 1 80012 40010 20006 1 80012 40010 20006 1 10 20000 0.268041 0.168056 0.172198 0.181184 0.176568 0.190276
../functions/mat_vect_5.hpp 80012 40010 20006 1 80012 40010 20006 1 80012 40010 20006 1 80012 40010 20006 1 80012 40010 20006 1 80012 40010 20006 1 12 20000 0.698898 0.288287 0.134199 0.151375 0.206112 0.209723
../functions/mat_vect_5.hpp 80012 40010 20006 1 80012 40010 20006 1 80012 40010 20006 1 80012 40010 20006 1 80012 40010 20006 1 80012 40010 20006 1 14 20000 0.583291 0.198328 0.112832 0.121246 0.117188 0.199722
../functions/mat_vect_5.hpp 80012 40010 20006 1 80012 40010 20006 1 80012 40010 20006 1 80012 40010 20006 1 80012 40010 20006 1 80012 40010 20006 1 16 20000 0.413908 0.109627 0.114029 0.132274 0.114406 0.190342
../functions/mat_vect_5.hpp 80012 40010 20006 1 80012 40010 20006 1 80012 40010 20006 1 80012 40010 20006 1 80012 40010 20006 1 80012 40010 20006 1 18 20000 0.473158 0.110538 0.232304 0.113672 0.113832 0.235606
../functions/mat_vect_5.hpp 80012 40010 20006 1 80012 40010 20006 1 80012 40010 20006 1 80012 40010 20006 1 80012 40010 20006 1 80012 40010 20006 1 20 20000 0.410294 0.222359 0.113594 0.100324 0.103812 0.213162
../functions/mat_vect_5.hpp 80012 40010 20006 1 80012 40010 20006 1 80012 40010 20006 1 80012 40010 20006 1 80012 40010 20006 1 80012 40010 20006 1 22 20000 0.482948 0.107915 0.107603 0.19352 0.108495 0.256529
../functions/mat_vect_5.hpp 80012 40010 20006 1 80012 40010 20006 1 80012 40010 20006 1 80012 40010 20006 1 80012 40010 20006 1 80012 40010 20006 1 24 20000 0.686105 0.226977 0.106141 0.223286 0.0968193 0.22829
../functions/mat_vect_5.hpp 80012 40010 20006 1 80012 40010 20006 1 80012 40010 20006 1 80012 40010 20006 1 80012 40010 20006 1 80012 40010 20006 1 26 20000 0.709301 0.0970472 0.0911943 0.0864749 0.0868776 0.249621
../functions/mat_vect_5.hpp 80012 40010 20006 1 80012 40010 20006 1 80012 40010 20006 1 80012 40010 20006 1 80012 40010 20006 1 80012 40010 20006 1 28 20000 0.592707 0.0848618 0.0848681 0.0889594 0.0899705 0.237056
../functions/mat_vect_5.hpp 80012 40010 20006 1 80012 40010 20006 1 80012 40010 20006 1 80012 40010 20006 1 80012 40010 20006 1 80012 40010 20006 1 30 20000 0.320504 0.164601 0.0783506 0.0856722 0.0852922 0.627115
../functions/mat_vect_5.hpp 80012 40010 20006 1 80012 40010 20006 1 80012 40010 20006 1 80012 40010 20006 1 80012 40010 20006 1 80012 40010 20006 1 32 20000 0.886868 0.206775 0.0783519 0.0859222 0.0861923 0.284647
../functions/mat_vect.hpp 40002 20000 10001 1 40002 20000 10001 1 40002 20000 10001 1 40002 20000 10001 1 40002 20000 10001 1 40002 20000 10001 1 1 10000 0.359943 0.32555 0.326349 0.288122 0.324135 0.290814
../functions/mat_vect.hpp 40002 20000 10001 1 40002 20000 10001 1 40002 20000 10001 1 40002 20000 10001 1 40002 20000 10001 1 40002 20000 10001 1 2 10000 0.266401 0.189953 0.187587 0.184971 0.179649 0.17967
../functions/mat_vect.hpp 40002 20000 10001 1 40002 20000 10001 1 40002 20000 10001 1 40002 20000 10001 1 40002 20000 10001 1 40002 20000 10001 1 4 10000 0.155785 0.107547 0.124118 0.107675 0.106551 0.120613
../functions/mat_vect.hpp 40002 20000 10001 1 40002 20000 10001 1 40002 20000 10001 1 40002 20000 10001 1 40002 20000 10001 1 40002 20000 10001 1 6 10000 0.109082 0.0735209 0.068051 0.0777743 0.0775939 0.118381
../functions/mat_vect.hpp 40002 20000 10001 1 40002 20000 10001 1 40002 20000 10001 1 40002 20000 10001 1 40002 20000 10001 1 40002 20000 10001 1 8 10000 0.0926283 0.0638838 0.0551244 0.0575339 0.0612354 0.0747381
../functions/mat_vect.hpp 40002 20000 10001 1 40002 20000 10001 1 40002 20000 10001 1 40002 20000 10001 1 40002 20000 10001 1 40002 20000 10001 1 10 10000 0.0638345 0.047352 0.0434397 0.0440685 0.0433718 0.103018
../functions/mat_vect.hpp 40002 20000 10001 1 40002 20000 10001 1 40002 20000 10001 1 40002 20000 10001 1 40002 20000 10001 1 40002 20000 10001 1 12 10000 0.142764 0.0371723 0.0387954 0.0410173 0.0379934 0.113892
../functions/mat_vect.hpp 40002 20000 10001 1 40002 20000 10001 1 40002 20000 10001 1 40002 20000 10001 1 40002 20000 10001 1 40002 20000 10001 1 14 10000 0.157021 0.0312044 0.0308782 0.0335016 0.0332127 0.0769336
../functions/mat_vect.hpp 40002 20000 10001 1 40002 20000 10001 1 40002 20000 10001 1 40002 20000 10001 1 40002 20000 10001 1 40002 20000 10001 1 16 10000 0.135285 0.0281291 0.0284271 0.03105 0.0321469 0.108705
../functions/mat_vect.hpp 40002 20000 10001 1 40002 20000 10001 1 40002 20000 10001 1 40002 20000 10001 1 40002 20000 10001 1 40002 20000 10001 1 18 10000 0.100083 0.0307299 0.0282519 0.0309879 0.0309732 0.108291
../functions/mat_vect.hpp 40002 20000 10001 1 40002 20000 10001 1 40002 20000 10001 1 40002 20000 10001 1 40002 20000 10001 1 40002 20000 10001 1 20 10000 0.11393 0.0312142 0.0261708 0.0286111 0.0309444 0.110206
../functions/mat_vect.hpp 40002 20000 10001 1 40002 20000 10001 1 40002 20000 10001 1 40002 20000 10001 1 40002 20000 10001 1 40002 20000 10001 1 22 10000 0.156518 0.0688067 0.027845 0.0259164 0.0294813 0.0949047
../functions/mat_vect.hpp 40002 20000 10001 1 40002 20000 10001 1 40002 20000 10001 1 40002 20000 10001 1 40002 20000 10001 1 40002 20000 10001 1 24 10000 0.123837 0.090033 0.027792 0.0242057 0.0290929 0.132914
../functions/mat_vect.hpp 40002 20000 10001 1 40002 20000 10001 1 40002 20000 10001 1 40002 20000 10001 1 40002 20000 10001 1 40002 20000 10001 1 26 10000 0.134056 0.0268287 0.0222389 0.0217674 0.0289846 0.0707959
../functions/mat_vect.hpp 40002 20000 10001 1 40002 20000 10001 1 40002 20000 10001 1 40002 20000 10001 1 40002 20000 10001 1 40002 20000 10001 1 28 10000 0.143457 0.0221025 0.0221112 0.0218966 0.0299384 0.0906537
../functions/mat_vect.hpp 40002 20000 10001 1 40002 20000 10001 1 40002 20000 10001 1 40002 20000 10001 1 40002 20000 10001 1 40002 20000 10001 1 30 10000 0.138291 0.0201694 0.0212597 0.0215953 0.0283512 0.0544822
../functions/mat_vect.hpp 40002 20000 10001 1 40002 20000 10001 1 40002 20000 10001 1 40002 20000 10001 1 40002 20000 10001 1 40002 20000 10001 1 32 10000 0.152776 0.0223313 0.0194396 0.0221915 0.0312264 0.13651
stream.cpp 1 1 0 0 1 1 0 0 1 1 0 0 1 1 0 0 1 1 0 0 1 1 0 0 1 50000000 20.5 10.5 10.5 15.5 5.5 3.5
stream.cpp 1 1 0 0 1 1 0 0 1 1 0 0 1 1 0 0 1 1 0 0 1 1 0 0 2 50000000 20.5 10.5 10.5 15.5 5.5 3.5
stream.cpp 1 1 0 0 1 1 0 0 1 1 0 0 1 1 0 0 1 1 0 0 1 1 0 0 4 50000000 20.5 10.5 10.5 15.5 5.5 3.5
stream.cpp 1 1 0 0 1 1 0 0 1 1 0 0 1 1 0 0 1 1 0 0 1 1 0 0 6 50000000 20.5 10.5 10.5 15.5 5.5 3.5
stream.cpp 1 1 0 0 1 1 0 0 1 1 0 0 1 1 0 0 1 1 0 0 1 1 0 0 8 50000000 20.5 10.5 10.5 15.5 5.5 3.5
stream.cpp 1 1 0 0 1 1 0 0 1 1 0 0 1 1 0 0 1 1 0 0 1 1 0 0 10 50000000 20.5 10.5 10.5 15.5 5.5 3.5
stream.cpp 1 1 0 0 1 1 0 0 1 1 0 0 1 1 0 0 1 1 0 0 1 1 0 0 12 50000000 20.5 10.5 10.5 15.5 5.5 3.5
stream.cpp 1 1 0 0 1 1 0 0 1 1 0 0 1 1 0 0 1 1 0 0 1 1 0 0 14 50000000 20.5 10.5 10.5 15.5 5.5 3.5
stream.cpp 1 1 0 0 1 1 0 0 1 1 0 0 1 1 0 0 1 1 0 0 1 1 0 0 16 50000000 20.5 10.5 10.5 15.5 5.5 3.5
stream.cpp 1 1 0 0 1 1 0 0 1 1 0 0 1 1 0 0 1 1 0 0 1 1 0 0 18 50000000 20.5 10.5 10.5 15.5 5.5 3.5
stream.cpp 1 1 0 0 1 1 0 0 1 1 0 0 1 1 0 0 1 1 0 0 1 1 0 0 20 50000000 20.5 10.5 10.5 15.5 5.5 3.5
stream.cpp 1 1 0 0 1 1 0 0 1 1 0 0 1 1 0 0 1 1 0 0 1 1 0 0 22 50000000 20.5 10.5 10.5 15.5 5.5 3.5
stream.cpp 1 1 0 0 1 1 0 0 1 1 0 0 1 1 0 0 1 1 0 0 1 1 0 0 24 50000000 20.5 10.5 10.5 15.5 5.5 3.5
stream.cpp 1 1 0 0 1 1 0 0 1 1 0 0 1 1 0 0 1 1 0 0 1 1 0 0 26 50000000 20.5 10.5 10.5 15.5 5.5 3.5
stream.cpp 1 1 0 0 1 1 0 0 1 1 0 0 1 1 0 0 1 1 0 0 1 1 0 0 28 50000000 20.5 10.5 10.5 15.5 5.5 3.5
stream.cpp 1 1 0 0 1 1 0 0 1 1 0 0 1 1 0 0 1 1 0 0 1 1 0 0 30 50000000 20.5 10.5 10.5 15.5 5.5 3.5
stream.cpp 1 1 0 0 1 1 0 0 1 1 0 0 1 1 0 0 1 1 0 0 1 1 0 0 32 50000000 20.5 10.5 10.5 15.5 5.5 3.5
stream.cpp 2 2 0 0 2 2 0 0 2 2 0 0 2 2 0 0 2 2 0 0 2 2 0 0 1 20000000 20.5 10.5 10.5 15.5 5.5 3.5
stream.cpp 2 2 0 0 2 2 0 0 2 2 0 0 2 2 0 0 2 2 0 0 2 2 0 0 2 20000000 20.5 10.5 10.5 15.5 5.5 3.5
stream.cpp 2 2 0 0 2 2 0 0 2 2 0 0 2 2 0 0 2 2 0 0 2 2 0 0 4 20000000 20.5 10.5 10.5 15.5 5.5 3.5
stream.cpp 2 2 0 0 2 2 0 0 2 2 0 0 2 2 0 0 2 2 0 0 2 2 0 0 6 20000000 20.5 10.5 10.5 15.5 5.5 3.5
stream.cpp 2 2 0 0 2 2 0 0 2 2 0 0 2 2 0 0 2 2 0 0 2 2 0 0 8 20000000 20.5 10.5 10.5 15.5 5.5 3.5
stream.cpp 2 2 0 0 2 2 0 0 2 2 0 0 2 2 0 0 2 2 0 0 2 2 0 0 10 20000000 20.5 10.5 10.5 15.5 5.5 3.5
stream.cpp 2 2 0 0 2 2 0 0 2 2 0 0 2 2 0 0 2 2 0 0 2 2 0 0 12 20000000 20.5 10.5 10.5 15.5 5.5 3.5
stream.cpp 2 2 0 0 2 2 0 0 2 2 0 0 2 2 0 0 2 2 0 0 2 2 0 0 14 20000000 20.5 10.5 10.5 15.5 5.5 3.5
stream.cpp 2 2 0 0 2 2 0 0 2 2 0 0 2 2 0 0 2 2 0 0 2 2 0 0 16 20000000 20.5 10.5 10.5 15.5 5.5 3.5
stream.cpp 2 2 0 0 2 2 0 0 2 2 0 0 2 2 0 0 2 2 0 0 2 2 0 0 18 20000000 20.5 10.5 10.5 15.5 5.5 3.5
stream.cpp 2 2 0 0 2 2 0 0 2 2 0 0 2 2 0 0 2 2 0 0 2 2 0 0 20 20000000 20.5 10.5 10.5 15.5 5.5 3.5
stream.cpp 2 2 0 0 2 2 0 0 2 2 0 0 2 2 0 0 2 2 0 0 2 2 0 0 22 20000000 20.5 10.5 10.5 15.5 5.5 3.5
stream.cpp 2 2 0 0 2 2 0 0 2 2 0 0 2 2 0 0 2 2 0 0 2 2 0 0 24 20000000 20.5 10.5 10.5 15.5 5.5 3.5
stream.cpp 2 2 0 0 2 2 0 0 2 2 0 0 2 2 0 0 2 2 0 0 2 2 0 0 26 20000000 20.5 10.5 10.5 15.5 5.5 3.5
stream.cpp 2 2 0 0 2 2 0 0 2 2 0 0 2 2 0 0 2 2 0 0 2 2 0 0 28 20000000 20.5 10.5 10.5 15.5 5.5 3.5
stream.cpp 2 2 0 0 2 2 0 0 2 2 0 0 2 2 0 0 2 2 0 0 2 2 0 0 30 20000000 20.5 10.5 10.5 15.5 5.5 3.5
stream.cpp 2 2 0 0 2 2 0 0 2 2 0 0 2 2 0 0 2 2 0 0 2 2 0 0 32 20000000 20.5 10.5 10.5 15.5 5.5 3.5
stream.cpp 10 5 1 2 10 5 1 2 10 5 1 2 10 5 1 2 10 5 1 2 10 5 1 2 1 40000000 20.5 10.5 10.5 15.5 5.5 3.5
stream.cpp 10 5 1 2 10 5 1 2 10 5 1 2 10 5 1 2 10 5 1 2 10 5 1 2 2 40000000 20.5 10.5 10.5 15.5 5.5 3.5
stream.cpp 10 5 1 2 10 5 1 2 10 5 1 2 10 5 1 2 10 5 1 2 10 5 1 2 4 40000000 20.5 10.5 10.5 15.5 5.5 3.5
stream.cpp 10 5 1 2 10 5 1 2 10 5 1 2 10 5 1 2 10 5 1 2 10 5 1 2 6 40000000 20.5 10.5 10.5 15.5 5.5 3.5
stream.cpp 10 5 1 2 10 5 1 2 10 5 1 2 10 5 1 2 10 5 1 2 10 5 1 2 8 40000000 20.5 10.5 10.5 15.5 5.5 3.5
stream.cpp 10 5 1 2 10 5 1 2 10 5 1 2 10 5 1 2 10 5 1 2 10 5 1 2 10 40000000 20.5 10.5 10.5 15.5 5.5 3.5
stream.cpp 10 5 1 2 10 5 1 2 10 5 1 2 10 5 1 2 10 5 1 2 10 5 1 2 12 40000000 20.5 10.5 10.5 15.5 5.5 3.5
stream.cpp 10 5 1 2 10 5 1 2 10 5 1 2 10 5 1 2 10 5 1 2 10 5 1 2 14 40000000 20.5 10.5 10.5 15.5 5.5 3.5
stream.cpp 10 5 1 2 10 5 1 2 10 5 1 2 10 5 1 2 10 5 1 2 10 5 1 2 16 40000000 20.5 10.5 10.5 15.5 5.5 3.5
stream.cpp 10 5 1 2 10 5 1 2 10 5 1 2 10 5 1 2 10 5 1 2 10 5 1 2 18 40000000 20.5 10.5 10.5 15.5 5.5 3.5
stream.cpp 10 5 1 2 10 5 1 2 10 5 1 2 10 5 1 2 10 5 1 2 10 5 1 2 20 40000000 20.5 10.5 10.5 15.5 5.5 3.5
stream.cpp 10 5 1 2 10 5 1 2 10 5 1 2 10 5 1 2 10 5 1 2 10 5 1 2 22 40000000 20.5 10.5 10.5 15.5 5.5 3.5
stream.cpp 10 5 1 2 10 5 1 2 10 5 1 2 10 5 1 2 10 5 1 2 10 5 1 2 24 40000000 20.5 10.5 10.5 15.5 5.5 3.5
stream.cpp 10 5 1 2 10 5 1 2 10 5 1 2 10 5 1 2 10 5 1 2 10 5 1 2 26 40000000 20.5 10.5 10.5 15.5 5.5 3.5
stream.cpp 10 5 1 2 10 5 1 2 10 5 1 2 10 5 1 2 10 5 1 2 10 5 1 2 28 40000000 20.5 10.5 10.5 15.5 5.5 3.5
stream.cpp 10 5 1 2 10 5 1 2 10 5 1 2 10 5 1 2 10 5 1 2 10 5 1 2 30 40000000 20.5 10.5 10.5 15.5 5.5 3.5
stream.cpp 10 5 1 2 10 5 1 2 10 5 1 2 10 5 1 2 10 5 1 2 10 5 1 2 32 40000000 20.5 10.5 10.5 15.5 5.5 3.5