135 6 4
5000 5 50 500
filename num_threads num_ops num_float_ops num_comp_ops num_lambda_iter deepest_loop_level num_int_var num_float_var num_if_stmts num_if_stmts_in_loop time(5000) time(5) time(50) time(500)
../functions/mat_mat2.hpp 1 1001004 500000 250502 500 2 2 0 0 0 0.714997 0.535409 0.515514 0.518531 
../functions/mat_mat2.hpp 2 1001004 500000 250502 500 2 2 0 0 0 0.417133 0.3829 0.310498 0.531107 
../functions/mat_mat2.hpp 4 1001004 500000 250502 500 2 2 0 0 0 0.318913 0.29866 0.280922 0.575989 
../functions/mat_mat2.hpp 6 1001004 500000 250502 500 2 2 0 0 0 0.315897 0.293298 0.263266 0.617789 
../functions/mat_mat2.hpp 8 1001004 500000 250502 500 2 2 0 0 0 0.29424 0.311141 0.297808 0.63584 
../functions/mat_mat2.hpp 10 1001004 500000 250502 500 2 2 0 0 0 0.387918 0.352323 0.322949 0.646434 
../functions/mat_mat2.hpp 12 1001004 500000 250502 500 2 2 0 0 0 0.418651 0.413798 0.385484 0.648586 
../functions/mat_mat2.hpp 14 1001004 500000 250502 500 2 2 0 0 0 0.459189 0.425605 0.386579 0.654256 
../functions/mat_mat2.hpp 16 1001004 500000 250502 500 2 2 0 0 0 0.47391 0.435453 0.372484 0.653638 
../functions/mat_mat2.hpp 18 1001004 500000 250502 500 2 2 0 0 0 0.437218 0.405358 0.324305 0.868782 
../functions/mat_mat2.hpp 20 1001004 500000 250502 500 2 2 0 0 0 0.415401 0.413579 0.326145 0.657382 
../functions/mat_mat2.hpp 22 1001004 500000 250502 500 2 2 0 0 0 0.45781 0.434993 0.405609 0.88206 
../functions/mat_mat2.hpp 24 1001004 500000 250502 500 2 2 0 0 0 0.428652 0.402959 0.397131 0.86434 
../functions/mat_mat2.hpp 26 1001004 500000 250502 500 2 2 0 0 0 0.427326 0.411354 0.403993 0.876007 
../functions/mat_mat2.hpp 28 1001004 500000 250502 500 2 2 0 0 0 0.458244 0.415928 0.388542 0.866771 
../functions/mat_mat2.hpp 30 1001004 500000 250502 500 2 2 0 0 0 0.449777 0.435365 0.391603 0.887192 
../functions/mat_mat2.hpp 32 1001004 500000 250502 500 2 2 0 0 0 0.492544 0.451917 0.294066 1.08205 
../functions/mat_mat3.hpp 1 40204 20000 10102 100 2 2 0 0 0 0.0105367 0.00915179 0.00882787 0.00847454 
../functions/mat_mat3.hpp 2 40204 20000 10102 100 2 2 0 0 0 0.00760013 0.00709727 0.00691205 0.00924335 
../functions/mat_mat3.hpp 4 40204 20000 10102 100 2 2 0 0 0 0.0101729 0.00964969 0.00841189 0.00935447 
../functions/mat_mat3.hpp 6 40204 20000 10102 100 2 2 0 0 0 0.0110992 0.0102179 0.00756737 0.0076141 
../functions/mat_mat3.hpp 8 40204 20000 10102 100 2 2 0 0 0 0.0131953 0.0114721 0.00907993 0.00946587 
../functions/mat_mat3.hpp 10 40204 20000 10102 100 2 2 0 0 0 0.0169237 0.0149345 0.0119732 0.00887326 
../functions/mat_mat3.hpp 12 40204 20000 10102 100 2 2 0 0 0 0.0175017 0.0154581 0.00615113 0.00921723 
../functions/mat_mat3.hpp 14 40204 20000 10102 100 2 2 0 0 0 0.0211898 0.0171509 0.0102385 0.00598959 
../functions/mat_mat3.hpp 16 40204 20000 10102 100 2 2 0 0 0 0.0196135 0.016538 0.0103339 0.00842398 
../functions/mat_mat3.hpp 18 40204 20000 10102 100 2 2 0 0 0 0.0186401 0.0158152 0.00549742 0.00585633 
../functions/mat_mat3.hpp 20 40204 20000 10102 100 2 2 0 0 0 0.018252 0.0158538 0.0109484 0.010079 
../functions/mat_mat3.hpp 22 40204 20000 10102 100 2 2 0 0 0 0.0204086 0.0171049 0.00682734 0.00645906 
../functions/mat_mat3.hpp 24 40204 20000 10102 100 2 2 0 0 0 0.0194531 0.01654 0.0115735 0.00989358 
../functions/mat_mat3.hpp 26 40204 20000 10102 100 2 2 0 0 0 0.0194727 0.0161748 0.00789716 0.0078225 
../functions/mat_mat3.hpp 28 40204 20000 10102 100 2 2 0 0 0 0.0211921 0.0156583 0.00677188 0.00810697 
../functions/mat_mat3.hpp 30 40204 20000 10102 100 2 2 0 0 0 0.0217702 0.0169543 0.00714812 0.00941908 
../functions/mat_mat3.hpp 32 40204 20000 10102 100 2 2 0 0 0 0.0336706 0.0144004 0.00720266 0.010118 
../functions/mat_mat4.hpp 1 60204 40000 20102 100 2 2 0 10000 10000 0.0142874 0.0122687 0.0115633 0.010904 
../functions/mat_mat4.hpp 2 60204 40000 20102 100 2 2 0 10000 10000 0.0113026 0.0104441 0.00977617 0.0120215 
../functions/mat_mat4.hpp 4 60204 40000 20102 100 2 2 0 10000 10000 0.0116622 0.010217 0.0105138 0.0125288 
../functions/mat_mat4.hpp 6 60204 40000 20102 100 2 2 0 10000 10000 0.0110444 0.00958181 0.00973385 0.0120705 
../functions/mat_mat4.hpp 8 60204 40000 20102 100 2 2 0 10000 10000 0.0129885 0.0108878 0.00969753 0.0116446 
../functions/mat_mat4.hpp 10 60204 40000 20102 100 2 2 0 10000 10000 0.0220198 0.0186972 0.0136617 0.0112458 
../functions/mat_mat4.hpp 12 60204 40000 20102 100 2 2 0 10000 10000 0.0187487 0.0159012 0.00833535 0.0117428 
../functions/mat_mat4.hpp 14 60204 40000 20102 100 2 2 0 10000 10000 0.0210327 0.0173595 0.00820048 0.0114533 
../functions/mat_mat4.hpp 16 60204 40000 20102 100 2 2 0 10000 10000 0.0222243 0.0186246 0.0119111 0.00971939 
../functions/mat_mat4.hpp 18 60204 40000 20102 100 2 2 0 10000 10000 0.0207409 0.0169808 0.008269 0.0107373 
../functions/mat_mat4.hpp 20 60204 40000 20102 100 2 2 0 10000 10000 0.0200016 0.0176894 0.0094285 0.010284 
../functions/mat_mat4.hpp 22 60204 40000 20102 100 2 2 0 10000 10000 0.0206993 0.0168611 0.00843655 0.0112787 
../functions/mat_mat4.hpp 24 60204 40000 20102 100 2 2 0 10000 10000 0.019863 0.0183022 0.00767695 0.00928938 
../functions/mat_mat4.hpp 26 60204 40000 20102 100 2 2 0 10000 10000 0.0191844 0.0157653 0.00841992 0.0121244 
../functions/mat_mat4.hpp 28 60204 40000 20102 100 2 2 0 10000 10000 0.0224 0.0165203 0.00858342 0.0134116 
../functions/mat_mat4.hpp 30 60204 40000 20102 100 2 2 0 10000 10000 0.0240556 0.0183664 0.00899235 0.0119324 
../functions/mat_mat4.hpp 32 60204 40000 20102 100 2 2 0 10000 10000 0.0209814 0.0158184 0.0060324 0.0112912 
../functions/mat_mat5.hpp 1 4004004 2002000 1002002 1000 2 2 0 1000 1000 12.2296 12.242 12.069 11.7034 
../functions/mat_mat5.hpp 2 4004004 2002000 1002002 1000 2 2 0 1000 1000 6.52244 6.08166 6.2033 6.15785 
../functions/mat_mat5.hpp 4 4004004 2002000 1002002 1000 2 2 0 1000 1000 3.94928 3.84881 3.85893 6.5244 
../functions/mat_mat5.hpp 6 4004004 2002000 1002002 1000 2 2 0 1000 1000 3.14208 3.08389 3.48468 7.05779 
../functions/mat_mat5.hpp 8 4004004 2002000 1002002 1000 2 2 0 1000 1000 2.47364 2.36865 2.68521 7.26956 
../functions/mat_mat5.hpp 10 4004004 2002000 1002002 1000 2 2 0 1000 1000 2.32456 2.40353 2.36605 6.89538 
../functions/mat_mat5.hpp 12 4004004 2002000 1002002 1000 2 2 0 1000 1000 2.41981 2.41633 2.22755 7.11181 
../functions/mat_mat5.hpp 14 4004004 2002000 1002002 1000 2 2 0 1000 1000 2.19272 2.13178 2.37873 7.18724 
../functions/mat_mat5.hpp 16 4004004 2002000 1002002 1000 2 2 0 1000 1000 2.3494 2.34407 2.39162 7.17938 
../functions/mat_mat5.hpp 18 4004004 2002000 1002002 1000 2 2 0 1000 1000 2.38188 2.3096 2.59055 7.60726 
../functions/mat_mat5.hpp 20 4004004 2002000 1002002 1000 2 2 0 1000 1000 2.41596 2.23639 2.20184 7.42791 
../functions/mat_mat5.hpp 22 4004004 2002000 1002002 1000 2 2 0 1000 1000 2.45962 2.34135 2.164 7.66066 
../functions/mat_mat5.hpp 24 4004004 2002000 1002002 1000 2 2 0 1000 1000 2.29459 2.30835 2.32994 7.51981 
../functions/mat_mat5.hpp 26 4004004 2002000 1002002 1000 2 2 0 1000 1000 2.47718 2.24981 2.38151 7.6234 
../functions/mat_mat5.hpp 28 4004004 2002000 1002002 1000 2 2 0 1000 1000 2.4 2.29027 2.19593 7.78885 
../functions/mat_mat5.hpp 30 4004004 2002000 1002002 1000 2 2 0 1000 1000 2.4405 2.4009 2.16193 7.87435 
../functions/mat_mat5.hpp 32 4004004 2002000 1002002 1000 2 2 0 1000 1000 2.43406 2.329 2.23669 8.04347 
../functions/mat_mat6.hpp 1 1001006 500000 250503 500 2 2 0 1 0 0.520912 0.437811 0.369644 0.365344 
../functions/mat_mat6.hpp 2 1001006 500000 250503 500 2 2 0 1 0 0.316676 0.289587 0.265276 0.379906 
../functions/mat_mat6.hpp 4 1001006 500000 250503 500 2 2 0 1 0 0.249174 0.237015 0.249264 0.417243 
../functions/mat_mat6.hpp 6 1001006 500000 250503 500 2 2 0 1 0 0.206185 0.176045 0.197238 0.462281 
../functions/mat_mat6.hpp 8 1001006 500000 250503 500 2 2 0 1 0 0.249586 0.250665 0.256888 0.456933 
../functions/mat_mat6.hpp 10 1001006 500000 250503 500 2 2 0 1 0 0.344926 0.325848 0.317555 0.44172 
../functions/mat_mat6.hpp 12 1001006 500000 250503 500 2 2 0 1 0 0.383544 0.378054 0.389322 0.469534 
../functions/mat_mat6.hpp 14 1001006 500000 250503 500 2 2 0 1 0 0.457035 0.439961 0.374591 0.474781 
../functions/mat_mat6.hpp 16 1001006 500000 250503 500 2 2 0 1 0 0.42603 0.43728 0.352018 0.522146 
../functions/mat_mat6.hpp 18 1001006 500000 250503 500 2 2 0 1 0 0.426788 0.426139 0.296962 0.48093 
../functions/mat_mat6.hpp 20 1001006 500000 250503 500 2 2 0 1 0 0.482208 0.438165 0.334933 0.493492 
../functions/mat_mat6.hpp 22 1001006 500000 250503 500 2 2 0 1 0 0.460865 0.431736 0.397338 0.609706 
../functions/mat_mat6.hpp 24 1001006 500000 250503 500 2 2 0 1 0 0.434524 0.41731 0.417098 0.611315 
../functions/mat_mat6.hpp 26 1001006 500000 250503 500 2 2 0 1 0 0.446489 0.430656 0.374478 0.491183 
../functions/mat_mat6.hpp 28 1001006 500000 250503 500 2 2 0 1 0 0.47813 0.441305 0.401814 0.609378 
../functions/mat_mat6.hpp 30 1001006 500000 250503 500 2 2 0 1 0 0.458327 0.44348 0.424642 0.498818 
../functions/mat_mat6.hpp 32 1001006 500000 250503 500 2 2 0 1 0 0.472105 0.443663 0.265404 0.618812 
../functions/mat_mat.hpp 1 4002004 2000000 1001002 1000 2 2 0 0 0 12.0008 11.761 11.7954 11.8733 
../functions/mat_mat.hpp 2 4002004 2000000 1001002 1000 2 2 0 0 0 6.58077 6.37785 6.52933 6.40299 
../functions/mat_mat.hpp 4 4002004 2000000 1001002 1000 2 2 0 0 0 4.20865 3.97364 4.06238 6.84377 
../functions/mat_mat.hpp 6 4002004 2000000 1001002 1000 2 2 0 0 0 3.058 3.03016 3.39615 6.98041 
../functions/mat_mat.hpp 8 4002004 2000000 1001002 1000 2 2 0 0 0 2.45478 2.45139 2.66856 7.25343 
../functions/mat_mat.hpp 10 4002004 2000000 1001002 1000 2 2 0 0 0 2.33234 2.48462 2.29357 6.9034 
../functions/mat_mat.hpp 12 4002004 2000000 1001002 1000 2 2 0 0 0 2.50853 2.2579 2.30147 6.90891 
../functions/mat_mat.hpp 14 4002004 2000000 1001002 1000 2 2 0 0 0 2.28925 2.38833 2.43735 7.19668 
../functions/mat_mat.hpp 16 4002004 2000000 1001002 1000 2 2 0 0 0 2.35422 2.18588 2.5684 7.43621 
../functions/mat_mat.hpp 18 4002004 2000000 1001002 1000 2 2 0 0 0 2.35693 2.35225 2.58719 7.10013 
../functions/mat_mat.hpp 20 4002004 2000000 1001002 1000 2 2 0 0 0 2.35053 2.25849 2.15275 7.40069 
../functions/mat_mat.hpp 22 4002004 2000000 1001002 1000 2 2 0 0 0 2.33889 2.22891 2.25721 7.6192 
../functions/mat_mat.hpp 24 4002004 2000000 1001002 1000 2 2 0 0 0 2.39743 2.24682 2.17395 7.5673 
../functions/mat_mat.hpp 26 4002004 2000000 1001002 1000 2 2 0 0 0 2.36763 2.28301 2.11114 7.66294 
../functions/mat_mat.hpp 28 4002004 2000000 1001002 1000 2 2 0 0 0 2.36867 2.37634 2.25238 7.69696 
../functions/mat_mat.hpp 30 4002004 2000000 1001002 1000 2 2 0 0 0 2.45318 2.37634 2.17084 7.75313 
../functions/mat_mat.hpp 32 4002004 2000000 1001002 1000 2 2 0 0 0 2.42444 2.1488 2.04333 12.4413 
../functions/mat_vect.hpp 1 40002 20000 10001 10000 1 1 0 0 0 0.379095 0.309123 0.305436 0.304778 
../functions/mat_vect.hpp 2 40002 20000 10001 10000 1 1 0 0 0 0.245341 0.176679 0.165957 0.166307 
../functions/mat_vect.hpp 4 40002 20000 10001 10000 1 1 0 0 0 0.128948 0.093266 0.0998818 0.106739 
../functions/mat_vect.hpp 6 40002 20000 10001 10000 1 1 0 0 0 0.0887756 0.0624341 0.0626343 0.0674373 
../functions/mat_vect.hpp 8 40002 20000 10001 10000 1 1 0 0 0 0.0677588 0.0507346 0.0537756 0.0518794 
../functions/mat_vect.hpp 10 40002 20000 10001 10000 1 1 0 0 0 0.0677702 0.0644861 0.0755905 0.0735886 
../functions/mat_vect.hpp 12 40002 20000 10001 10000 1 1 0 0 0 0.112139 0.0870747 0.0868539 0.082716 
../functions/mat_vect.hpp 14 40002 20000 10001 10000 1 1 0 0 0 0.105265 0.0891533 0.0881053 0.0916538 
../functions/mat_vect.hpp 16 40002 20000 10001 10000 1 1 0 0 0 0.0820352 0.0890734 0.0871586 0.0873653 
../functions/mat_vect.hpp 18 40002 20000 10001 10000 1 1 0 0 0 0.112879 0.0739232 0.078215 0.0827985 
../functions/mat_vect.hpp 20 40002 20000 10001 10000 1 1 0 0 0 0.0616526 0.0657508 0.0667438 0.066025 
../functions/mat_vect.hpp 22 40002 20000 10001 10000 1 1 0 0 0 0.0915093 0.0578136 0.0601151 0.0648796 
../functions/mat_vect.hpp 24 40002 20000 10001 10000 1 1 0 0 0 0.063851 0.0470088 0.0483184 0.0503301 
../functions/mat_vect.hpp 26 40002 20000 10001 10000 1 1 0 0 0 0.110682 0.0474066 0.047437 0.0442076 
../functions/mat_vect.hpp 28 40002 20000 10001 10000 1 1 0 0 0 0.138917 0.0462203 0.045188 0.0405727 
../functions/mat_vect.hpp 30 40002 20000 10001 10000 1 1 0 0 0 0.12354 0.045129 0.0484694 0.0440566 
../functions/mat_vect.hpp 32 40002 20000 10001 10000 1 1 0 0 0 0.102917 0.0465062 0.0511286 0.0555228
../functions/sum_up.hpp 1 400002 0 100001 0 1 1 0 0 0 0.000373232 0.000104762 0.0000974985 0.000084159 
../functions/sum_up.hpp 2 400002 0 100001 0 1 1 0 0 0 0.000501879 0.000132489 0.000113841 0.000117962 
../functions/sum_up.hpp 4 400002 0 100001 0 1 1 0 0 0 0.000619632 0.000184032 0.000173835 0.000176349 
../functions/sum_up.hpp 6 400002 0 100001 0 1 1 0 0 0 0.000603428 0.00026428 0.00024612 0.000250661 
../functions/sum_up.hpp 8 400002 0 100001 0 1 1 0 0 0 0.000859048 0.000280483 0.000263511 0.00025499 
../functions/sum_up.hpp 10 400002 0 100001 0 1 1 0 0 0 0.000958013 0.000658045 0.000611809 0.000577448 
../functions/sum_up.hpp 12 400002 0 100001 0 1 1 0 0 0 0.00110985 0.000627943 0.000672571 0.000635277 
../functions/sum_up.hpp 14 400002 0 100001 0 1 1 0 0 0 0.00131798 0.000737524 0.000759105 0.000797517 
../functions/sum_up.hpp 16 400002 0 100001 0 1 1 0 0 0 0.00128913 0.000822521 0.000819448 0.000775098 
../functions/sum_up.hpp 18 400002 0 100001 0 1 1 0 0 0 0.00209154 0.00108792 0.000987625 0.00101556 
../functions/sum_up.hpp 20 400002 0 100001 0 1 1 0 0 0 0.0015194 0.00109134 0.00116635 0.000975474 
../functions/sum_up.hpp 22 400002 0 100001 0 1 1 0 0 0 0.00153874 0.000943206 0.00098162 0.000996426 
../functions/sum_up.hpp 24 400002 0 100001 0 1 1 0 0 0 0.00211647 0.00119038 0.00129646 0.00123067 
../functions/sum_up.hpp 26 400002 0 100001 0 1 1 0 0 0 0.00167046 0.00113492 0.00122767 0.00120001 
../functions/sum_up.hpp 28 400002 0 100001 0 1 1 0 0 0 0.00387843 0.00116656 0.00119764 0.00119966 
../functions/sum_up.hpp 30 400002 0 100001 0 1 1 0 0 0 0.00235833 0.00147658 0.00136651 0.00137594 
../functions/sum_up.hpp 32 400002 0 100001 0 1 1 0 0 0 0.00185492 0.00153232 0.00140933 0.00141687